isend N: 3200
isend totaltime: 2.9103304000e-02
isend avg: 9.0947825000e-06
isend std-dev: 3.7556990057e-05
----
5.0920000000e-06
5.8800000000e-07
2.7900000000e-07
3.0500000000e-07
3.0400000000e-07
2.6600000000e-07
2.5600000000e-07
2.5800000000e-07
2.6000000000e-07
2.6000000000e-07
2.6600000000e-07
3.0400000000e-07
2.5200000000e-07
3.0100000000e-07
3.0300000000e-07
1.2050200000e-04
7.6200000000e-07
3.1100000000e-07
2.5400000000e-07
2.6500000000e-07
2.6000000000e-07
2.7300000000e-07
3.0400000000e-07
3.1500000000e-07
3.0300000000e-07
2.6600000000e-07
2.6200000000e-07
2.6500000000e-07
3.0300000000e-07
3.8500000000e-07
3.1000000000e-07
8.8815000000e-05
6.0600000000e-07
3.0800000000e-07
2.9700000000e-07
3.0500000000e-07
2.5800000000e-07
3.0200000000e-07
2.6200000000e-07
3.6500000000e-07
2.6400000000e-07
2.6200000000e-07
2.6100000000e-07
2.6200000000e-07
3.0700000000e-07
2.6300000000e-07
3.0100000000e-07
8.6815000000e-05
7.0900000000e-07
3.1800000000e-07
3.6300000000e-07
3.2600000000e-07
3.0300000000e-07
2.6200000000e-07
3.0300000000e-07
3.6900000000e-07
3.0600000000e-07
2.6200000000e-07
2.6400000000e-07
2.6200000000e-07
2.5400000000e-07
3.8100000000e-07
3.1400000000e-07
8.5718000000e-05
6.7000000000e-07
3.3600000000e-07
2.5400000000e-07
2.7000000000e-07
3.0600000000e-07
3.0900000000e-07
3.0900000000e-07
3.8800000000e-07
2.7000000000e-07
3.1200000000e-07
2.6000000000e-07
2.6400000000e-07
2.9800000000e-07
2.7200000000e-07
2.6300000000e-07
8.6062000000e-05
6.1800000000e-07
3.1600000000e-07
2.9900000000e-07
2.5200000000e-07
2.5900000000e-07
2.6400000000e-07
3.0300000000e-07
3.7300000000e-07
3.0100000000e-07
3.0400000000e-07
2.6200000000e-07
2.5800000000e-07
2.9500000000e-07
4.1100000000e-07
3.0600000000e-07
8.5233000000e-05
6.3700000000e-07
3.1400000000e-07
3.0400000000e-07
2.6600000000e-07
3.1000000000e-07
3.1100000000e-07
2.6000000000e-07
3.3900000000e-07
3.1100000000e-07
2.8700000000e-07
3.1000000000e-07
3.3000000000e-07
3.0400000000e-07
3.0700000000e-07
3.0400000000e-07
8.5206000000e-05
6.1700000000e-07
3.3000000000e-07
3.1700000000e-07
3.3000000000e-07
3.2700000000e-07
2.6000000000e-07
3.0700000000e-07
3.5700000000e-07
3.0700000000e-07
3.0300000000e-07
2.5700000000e-07
3.1200000000e-07
2.8100000000e-07
3.8500000000e-07
3.0700000000e-07
8.3282000000e-05
5.9900000000e-07
3.0900000000e-07
2.5800000000e-07
3.0100000000e-07
3.0900000000e-07
3.0400000000e-07
3.2500000000e-07
3.6900000000e-07
2.6100000000e-07
3.0900000000e-07
2.6600000000e-07
2.6500000000e-07
3.0700000000e-07
3.1200000000e-07
2.7200000000e-07
8.4104000000e-05
6.0400000000e-07
3.0000000000e-07
3.0300000000e-07
2.7200000000e-07
3.0900000000e-07
3.0900000000e-07
2.6300000000e-07
3.7100000000e-07
2.6900000000e-07
2.7500000000e-07
2.6400000000e-07
3.0700000000e-07
2.8800000000e-07
3.4100000000e-07
3.0700000000e-07
8.3372000000e-05
5.8600000000e-07
3.0300000000e-07
3.0100000000e-07
2.6600000000e-07
2.6000000000e-07
2.6000000000e-07
2.6300000000e-07
3.6900000000e-07
2.6200000000e-07
2.9900000000e-07
2.7900000000e-07
2.6500000000e-07
3.0600000000e-07
3.2500000000e-07
2.6400000000e-07
2.2447600000e-04
6.5200000000e-07
3.1100000000e-07
2.7000000000e-07
3.1100000000e-07
2.7000000000e-07
3.4400000000e-07
2.5900000000e-07
4.1700000000e-07
2.5800000000e-07
2.6800000000e-07
2.6000000000e-07
3.1000000000e-07
2.6600000000e-07
3.3200000000e-07
3.0400000000e-07
8.4276000000e-05
6.1100000000e-07
3.2600000000e-07
3.0700000000e-07
2.8100000000e-07
2.6600000000e-07
2.6100000000e-07
2.6200000000e-07
3.3600000000e-07
3.0400000000e-07
3.0600000000e-07
3.0500000000e-07
3.1000000000e-07
3.1100000000e-07
3.1000000000e-07
2.5400000000e-07
8.4196000000e-05
6.1000000000e-07
2.9800000000e-07
2.9300000000e-07
2.6600000000e-07
2.6500000000e-07
2.6500000000e-07
2.5600000000e-07
3.5400000000e-07
3.0900000000e-07
2.9900000000e-07
2.6900000000e-07
2.8000000000e-07
2.6700000000e-07
3.8900000000e-07
3.0600000000e-07
8.2419000000e-05
5.8800000000e-07
2.9900000000e-07
2.7200000000e-07
2.5500000000e-07
2.6200000000e-07
3.0100000000e-07
2.6200000000e-07
3.8000000000e-07
3.0300000000e-07
2.7100000000e-07
2.6200000000e-07
2.6000000000e-07
2.5800000000e-07
3.0000000000e-07
2.6400000000e-07
8.3104000000e-05
6.0000000000e-07
2.9900000000e-07
3.0600000000e-07
2.6000000000e-07
2.6200000000e-07
2.7300000000e-07
3.2800000000e-07
5.6300000000e-07
3.0500000000e-07
3.1100000000e-07
2.6300000000e-07
2.6000000000e-07
2.9500000000e-07
3.9500000000e-07
3.0500000000e-07
8.3073000000e-05
6.3100000000e-07
3.0800000000e-07
2.9300000000e-07
2.7200000000e-07
2.6700000000e-07
3.0700000000e-07
2.6400000000e-07
3.3000000000e-07
3.0000000000e-07
3.0700000000e-07
2.7500000000e-07
2.6200000000e-07
3.0100000000e-07
3.0800000000e-07
2.5800000000e-07
8.3415000000e-05
6.2900000000e-07
3.0600000000e-07
2.5900000000e-07
2.6200000000e-07
3.0400000000e-07
3.0900000000e-07
2.6400000000e-07
3.6900000000e-07
3.0400000000e-07
3.1000000000e-07
2.6400000000e-07
2.6100000000e-07
2.5600000000e-07
3.7500000000e-07
2.6400000000e-07
8.2983000000e-05
5.8800000000e-07
3.0900000000e-07
3.0600000000e-07
2.6600000000e-07
3.0100000000e-07
3.2400000000e-07
2.6200000000e-07
3.3900000000e-07
2.7200000000e-07
2.6500000000e-07
2.6000000000e-07
2.6000000000e-07
2.5400000000e-07
2.6700000000e-07
3.0100000000e-07
8.2878000000e-05
6.1700000000e-07
3.0300000000e-07
2.9500000000e-07
2.5600000000e-07
2.5300000000e-07
3.0500000000e-07
2.7200000000e-07
4.1600000000e-07
3.0200000000e-07
2.6200000000e-07
3.0300000000e-07
3.1000000000e-07
2.5800000000e-07
3.4400000000e-07
3.0600000000e-07
8.2329000000e-05
6.1300000000e-07
3.1300000000e-07
2.9700000000e-07
2.6200000000e-07
2.5800000000e-07
2.6600000000e-07
2.6900000000e-07
3.8500000000e-07
3.0800000000e-07
3.0500000000e-07
2.6600000000e-07
2.6500000000e-07
2.6200000000e-07
3.1000000000e-07
2.6400000000e-07
8.2686000000e-05
6.1100000000e-07
3.1300000000e-07
3.0100000000e-07
2.6500000000e-07
2.9900000000e-07
2.6200000000e-07
2.6700000000e-07
3.4600000000e-07
3.0400000000e-07
3.2300000000e-07
3.0400000000e-07
3.0900000000e-07
2.6300000000e-07
3.4000000000e-07
3.0700000000e-07
8.3030000000e-05
6.3300000000e-07
3.0700000000e-07
2.6000000000e-07
2.6800000000e-07
3.0900000000e-07
3.0200000000e-07
2.6600000000e-07
4.1000000000e-07
3.1100000000e-07
2.6700000000e-07
2.5800000000e-07
2.6600000000e-07
2.6700000000e-07
2.6400000000e-07
2.6800000000e-07
8.2430000000e-05
5.7600000000e-07
3.0100000000e-07
3.0500000000e-07
3.1000000000e-07
2.6200000000e-07
2.6200000000e-07
2.6500000000e-07
3.5000000000e-07
3.2600000000e-07
3.1100000000e-07
3.0900000000e-07
3.1100000000e-07
2.6900000000e-07
3.7900000000e-07
2.6600000000e-07
9.7601000000e-05
6.2500000000e-07
3.1400000000e-07
3.0300000000e-07
3.0800000000e-07
3.1100000000e-07
3.0600000000e-07
2.6800000000e-07
3.4400000000e-07
3.0600000000e-07
3.1100000000e-07
2.6300000000e-07
3.1200000000e-07
2.5800000000e-07
3.1400000000e-07
2.6400000000e-07
4.2420700000e-04
5.7000000000e-07
3.1300000000e-07
3.0300000000e-07
3.0700000000e-07
2.6200000000e-07
2.6200000000e-07
3.0000000000e-07
3.8700000000e-07
3.0500000000e-07
2.5900000000e-07
2.6400000000e-07
2.6200000000e-07
3.0800000000e-07
3.8300000000e-07
2.6600000000e-07
8.3074000000e-05
6.2700000000e-07
3.0900000000e-07
3.1600000000e-07
2.7000000000e-07
2.6500000000e-07
2.6400000000e-07
2.5700000000e-07
3.4300000000e-07
3.0700000000e-07
3.1000000000e-07
3.0100000000e-07
3.0900000000e-07
2.6500000000e-07
2.6800000000e-07
2.8300000000e-07
8.2257000000e-05
5.8000000000e-07
3.0700000000e-07
4.9105000000e-05
4.9200000000e-07
2.3000000000e-07
1.6800000000e-07
8.0270000000e-06
2.0500000000e-07
1.5800000000e-07
1.5300000000e-07
1.1532000000e-05
2.6200000000e-07
1.7700000000e-07
1.7200000000e-07
7.2050000000e-06
6.6159000000e-05
4.9400000000e-07
2.2700000000e-07
1.1948000000e-05
2.7100000000e-07
1.6800000000e-07
1.5500000000e-07
8.7960000000e-06
2.2300000000e-07
1.5200000000e-07
1.4600000000e-07
1.0596000000e-05
2.0100000000e-07
1.5000000000e-07
1.5000000000e-07
6.6990000000e-06
6.4714000000e-05
4.2400000000e-07
1.8200000000e-07
1.2043000000e-05
2.1900000000e-07
1.5400000000e-07
1.6400000000e-07
7.0700000000e-06
1.9000000000e-07
1.4900000000e-07
1.5400000000e-07
1.0412000000e-05
2.2600000000e-07
1.5200000000e-07
1.6000000000e-07
6.5480000000e-06
6.5018000000e-05
4.5900000000e-07
1.8000000000e-07
1.2952000000e-05
2.3000000000e-07
1.5500000000e-07
1.4800000000e-07
6.6170000000e-06
1.9500000000e-07
1.5200000000e-07
1.5900000000e-07
1.0191000000e-05
2.3300000000e-07
1.6400000000e-07
1.5200000000e-07
6.4920000000e-06
6.5247000000e-05
4.6600000000e-07
1.8400000000e-07
1.1843000000e-05
2.2400000000e-07
1.5100000000e-07
1.6800000000e-07
1.3687000000e-05
1.9400000000e-07
1.4800000000e-07
1.4600000000e-07
1.6786000000e-05
2.0900000000e-07
1.5100000000e-07
1.5400000000e-07
1.4667000000e-05
6.5329000000e-05
4.7000000000e-07
1.8000000000e-07
1.7753000000e-05
2.1500000000e-07
1.5500000000e-07
1.6400000000e-07
1.3232000000e-05
1.9300000000e-07
1.6400000000e-07
1.5200000000e-07
1.0080000000e-05
2.1700000000e-07
1.5200000000e-07
1.5200000000e-07
1.3058000000e-05
6.4509000000e-05
5.4000000000e-07
1.6600000000e-07
2.4220000000e-05
2.3400000000e-07
1.6600000000e-07
1.5800000000e-07
9.8300000000e-06
1.9300000000e-07
1.5600000000e-07
1.5300000000e-07
1.5399000000e-05
1.9400000000e-07
1.5200000000e-07
1.6800000000e-07
9.7440000000e-06
6.4601000000e-05
4.6300000000e-07
1.8400000000e-07
1.1367000000e-05
2.3900000000e-07
1.5800000000e-07
1.5400000000e-07
6.5700000000e-06
2.1500000000e-07
1.5000000000e-07
1.5000000000e-07
1.3398000000e-05
2.1300000000e-07
1.5200000000e-07
1.4900000000e-07
1.2995000000e-05
6.4779000000e-05
5.0400000000e-07
1.7400000000e-07
1.8284000000e-05
2.4600000000e-07
1.5600000000e-07
1.6400000000e-07
1.1927000000e-05
2.1300000000e-07
1.5100000000e-07
1.5200000000e-07
1.3310000000e-05
2.4000000000e-07
1.5800000000e-07
1.5000000000e-07
1.3023000000e-05
6.4544000000e-05
4.3800000000e-07
1.8200000000e-07
1.7885000000e-05
2.1100000000e-07
1.5400000000e-07
1.8000000000e-07
1.3218000000e-05
1.9900000000e-07
1.5100000000e-07
1.6000000000e-07
1.6562000000e-05
2.0600000000e-07
1.5200000000e-07
1.4600000000e-07
1.3082000000e-05
6.4578000000e-05
4.4700000000e-07
1.7800000000e-07
1.5923000000e-05
2.2600000000e-07
1.5300000000e-07
1.5200000000e-07
9.8550000000e-06
2.0500000000e-07
1.5400000000e-07
1.5700000000e-07
1.3386000000e-05
2.0400000000e-07
1.5000000000e-07
1.4600000000e-07
6.5410000000e-06
6.4530000000e-05
4.3400000000e-07
1.7600000000e-07
1.1305000000e-05
2.0900000000e-07
1.4900000000e-07
1.5200000000e-07
9.8980000000e-06
1.7900000000e-07
1.5000000000e-07
1.5200000000e-07
1.6845000000e-05
2.4600000000e-07
1.7000000000e-07
1.5000000000e-07
1.7601000000e-05
6.4710000000e-05
4.9200000000e-07
1.6100000000e-07
1.9966000000e-05
2.0100000000e-07
1.5000000000e-07
1.7000000000e-07
1.7267000000e-05
3.2600000000e-07
1.5400000000e-07
2.5200000000e-07
6.4920000000e-06
2.1200000000e-07
1.5100000000e-07
1.5200000000e-07
1.6822000000e-05
6.5018000000e-05
4.3900000000e-07
1.7000000000e-07
1.3970000000e-05
2.0300000000e-07
1.5000000000e-07
1.5900000000e-07
1.8603000000e-05
2.0500000000e-07
1.5200000000e-07
1.6200000000e-07
6.4670000000e-06
2.0000000000e-07
1.5200000000e-07
1.5200000000e-07
1.6785000000e-05
6.4155000000e-05
5.4500000000e-07
1.9600000000e-07
7.3160000000e-06
2.2900000000e-07
1.6000000000e-07
1.7000000000e-07
1.7218000000e-05
2.0100000000e-07
1.5200000000e-07
1.4900000000e-07
6.4040000000e-06
1.9200000000e-07
1.5200000000e-07
1.5300000000e-07
1.6841000000e-05
6.3640000000e-05
4.7600000000e-07
1.7800000000e-07
1.5382000000e-05
1.9500000000e-07
1.5100000000e-07
1.5100000000e-07
1.7234000000e-05
2.1700000000e-07
1.4700000000e-07
1.5400000000e-07
1.3077000000e-05
1.8800000000e-07
1.5400000000e-07
1.6200000000e-07
1.0262000000e-05
6.4312000000e-05
4.8700000000e-07
1.7900000000e-07
8.2950000000e-06
2.2400000000e-07
1.6000000000e-07
1.5300000000e-07
1.7134000000e-05
2.1800000000e-07
1.5500000000e-07
1.5200000000e-07
1.2968000000e-05
1.9500000000e-07
1.5300000000e-07
1.6200000000e-07
1.8255000000e-05
6.3905000000e-05
4.5000000000e-07
1.6400000000e-07
1.4077000000e-05
2.0100000000e-07
1.5000000000e-07
1.4500000000e-07
1.0468000000e-05
2.3400000000e-07
1.5300000000e-07
1.5100000000e-07
6.5310000000e-06
3.2600000000e-07
1.5000000000e-07
1.5600000000e-07
2.3134000000e-05
6.4511000000e-05
6.0200000000e-07
1.8300000000e-07
1.3892000000e-05
1.9100000000e-07
1.5100000000e-07
1.5800000000e-07
1.3788000000e-05
2.2700000000e-07
1.5300000000e-07
1.5000000000e-07
1.1470000000e-05
2.2900000000e-07
1.4800000000e-07
1.5200000000e-07
1.6826000000e-05
6.4370000000e-05
4.7900000000e-07
1.6200000000e-07
1.0630000000e-05
1.9900000000e-07
1.5500000000e-07
1.5000000000e-07
1.0486000000e-05
2.2600000000e-07
1.5100000000e-07
1.6200000000e-07
9.7910000000e-06
2.1900000000e-07
1.4800000000e-07
1.4900000000e-07
1.7308000000e-05
6.3958000000e-05
4.4400000000e-07
1.6400000000e-07
1.3999000000e-05
1.9900000000e-07
1.6000000000e-07
1.6600000000e-07
1.5293000000e-05
2.1900000000e-07
1.5400000000e-07
1.5300000000e-07
6.4390000000e-06
2.1500000000e-07
1.5000000000e-07
1.5200000000e-07
1.3545000000e-05
6.4677000000e-05
4.5000000000e-07
1.7400000000e-07
1.3992000000e-05
1.9100000000e-07
1.5200000000e-07
1.5000000000e-07
1.7138000000e-05
2.0000000000e-07
1.5000000000e-07
1.5500000000e-07
9.7110000000e-06
2.8100000000e-07
1.5400000000e-07
1.4900000000e-07
1.3497000000e-05
6.4960000000e-05
4.9800000000e-07
1.7600000000e-07
1.5595000000e-05
2.1700000000e-07
1.5200000000e-07
1.5600000000e-07
1.7027000000e-05
2.0700000000e-07
1.5100000000e-07
1.5200000000e-07
9.7850000000e-06
2.1200000000e-07
1.5100000000e-07
1.4800000000e-07
1.3662000000e-05
6.3978000000e-05
4.2700000000e-07
1.7400000000e-07
1.4076000000e-05
2.1200000000e-07
1.5000000000e-07
1.5600000000e-07
1.3789000000e-05
2.4400000000e-07
1.4900000000e-07
1.5000000000e-07
9.7380000000e-06
2.2800000000e-07
1.5700000000e-07
1.5100000000e-07
1.8456000000e-05
6.4003000000e-05
4.3300000000e-07
1.8800000000e-07
1.3872000000e-05
1.9300000000e-07
1.5500000000e-07
1.6800000000e-07
1.7405000000e-05
2.0300000000e-07
1.6000000000e-07
1.5400000000e-07
1.3074000000e-05
2.2000000000e-07
1.5700000000e-07
1.5000000000e-07
1.0257000000e-05
6.4466000000e-05
4.4400000000e-07
1.8100000000e-07
1.3845000000e-05
1.8400000000e-07
1.5200000000e-07
1.5400000000e-07
1.2099000000e-05
2.3200000000e-07
1.4700000000e-07
1.5200000000e-07
6.4470000000e-06
2.0300000000e-07
1.6400000000e-07
1.5400000000e-07
1.0298000000e-05
6.4617000000e-05
4.5100000000e-07
1.6000000000e-07
1.3886000000e-05
2.1500000000e-07
1.5000000000e-07
1.6600000000e-07
1.6921000000e-05
2.2300000000e-07
1.6200000000e-07
1.5000000000e-07
1.2941000000e-05
1.9300000000e-07
1.5700000000e-07
1.5400000000e-07
1.6853000000e-05
6.4107000000e-05
4.4600000000e-07
1.7100000000e-07
8.8400000000e-06
2.1700000000e-07
1.5100000000e-07
1.5400000000e-07
1.6816000000e-05
2.1100000000e-07
1.5100000000e-07
1.5400000000e-07
6.4630000000e-06
2.0500000000e-07
1.5200000000e-07
1.4600000000e-07
1.7367000000e-05
7.1833000000e-05
4.4700000000e-07
1.6000000000e-07
1.3935000000e-05
1.9500000000e-07
1.6000000000e-07
1.5400000000e-07
1.7093000000e-05
2.2100000000e-07
1.5200000000e-07
1.5300000000e-07
1.2988000000e-05
1.9300000000e-07
1.6200000000e-07
1.6200000000e-07
1.8241000000e-05
6.4532000000e-05
4.5200000000e-07
1.7600000000e-07
1.3881000000e-05
1.9600000000e-07
1.5000000000e-07
1.5200000000e-07
1.7023000000e-05
2.2300000000e-07
1.5400000000e-07
1.4800000000e-07
1.2957000000e-05
2.4000000000e-07
1.5200000000e-07
1.4500000000e-07
6.8270000000e-06
6.5117000000e-05
4.3600000000e-07
1.7300000000e-07
1.1213000000e-05
2.0300000000e-07
1.5000000000e-07
1.6600000000e-07
9.7810000000e-06
1.9500000000e-07
1.6200000000e-07
1.5100000000e-07
1.8550000000e-05
2.0500000000e-07
1.5100000000e-07
1.6600000000e-07
1.3236000000e-05
6.4393000000e-05
4.5100000000e-07
1.7000000000e-07
1.7839000000e-05
2.1100000000e-07
1.5300000000e-07
1.5000000000e-07
1.3062000000e-05
2.0300000000e-07
1.5200000000e-07
1.5100000000e-07
1.7214000000e-05
2.0100000000e-07
8.0979300000e-04
3.5600000000e-07
1.4902000000e-05
6.6146000000e-05
4.7300000000e-07
1.7400000000e-07
1.8671000000e-05
2.5300000000e-07
1.5100000000e-07
1.7400000000e-07
6.6560000000e-06
1.8900000000e-07
1.5000000000e-07
1.5300000000e-07
1.6792000000e-05
2.2800000000e-07
1.4800000000e-07
1.5100000000e-07
1.3027000000e-05
6.5403000000e-05
4.2600000000e-07
1.7400000000e-07
1.7843000000e-05
2.2100000000e-07
1.5600000000e-07
1.6900000000e-07
6.4780000000e-06
1.8500000000e-07
1.5200000000e-07
1.5300000000e-07
1.8608000000e-05
2.1700000000e-07
1.5000000000e-07
1.5400000000e-07
1.3057000000e-05
6.4894000000e-05
4.7300000000e-07
1.9700000000e-07
1.1398000000e-05
2.2300000000e-07
1.5400000000e-07
1.5200000000e-07
6.5040000000e-06
1.9000000000e-07
1.6400000000e-07
1.6800000000e-07
1.6839000000e-05
1.9900000000e-07
1.4400000000e-07
1.5500000000e-07
1.3147000000e-05
6.3992000000e-05
4.3000000000e-07
1.5600000000e-07
1.7880000000e-05
2.3000000000e-07
1.4900000000e-07
1.6400000000e-07
1.4780000000e-05
1.9100000000e-07
1.6900000000e-07
1.6300000000e-07
2.3590000000e-05
2.2700000000e-07
1.5600000000e-07
1.5200000000e-07
1.3076000000e-05
6.5069000000e-05
4.3000000000e-07
1.9500000000e-07
1.7836000000e-05
2.2300000000e-07
1.7200000000e-07
1.6800000000e-07
1.3120000000e-05
1.8400000000e-07
1.5000000000e-07
1.5300000000e-07
1.3503000000e-05
2.2200000000e-07
1.5100000000e-07
1.4600000000e-07
6.4330000000e-06
6.4461000000e-05
4.5100000000e-07
1.8000000000e-07
1.6005000000e-05
2.3000000000e-07
1.5600000000e-07
1.5300000000e-07
1.3141000000e-05
1.8800000000e-07
1.4800000000e-07
1.6400000000e-07
1.6744000000e-05
2.3300000000e-07
1.4600000000e-07
1.5300000000e-07
9.8780000000e-06
6.4138000000e-05
4.2600000000e-07
1.9500000000e-07
1.4445000000e-05
1.9500000000e-07
1.5400000000e-07
1.7400000000e-07
9.7130000000e-06
1.8800000000e-07
1.5400000000e-07
1.4800000000e-07
1.3542000000e-05
2.0700000000e-07
1.4800000000e-07
1.5200000000e-07
1.4599000000e-05
6.4066000000e-05
4.4000000000e-07
1.8100000000e-07
1.7730000000e-05
2.2800000000e-07
1.5100000000e-07
1.5300000000e-07
1.3413000000e-05
1.9100000000e-07
1.5400000000e-07
1.6000000000e-07
1.7036000000e-05
2.2500000000e-07
1.5000000000e-07
1.5000000000e-07
9.7620000000e-06
6.4448000000e-05
4.4900000000e-07
1.7800000000e-07
1.1269000000e-05
2.3200000000e-07
1.7400000000e-07
1.5200000000e-07
9.8020000000e-06
1.9000000000e-07
1.6400000000e-07
1.5000000000e-07
1.8271000000e-05
2.1300000000e-07
1.5400000000e-07
1.5700000000e-07
1.3060000000e-05
6.4321000000e-05
4.4000000000e-07
1.8900000000e-07
1.7765000000e-05
2.2000000000e-07
1.5500000000e-07
1.4800000000e-07
1.3113000000e-05
1.9700000000e-07
1.4800000000e-07
1.6300000000e-07
2.3093000000e-05
2.2300000000e-07
1.5400000000e-07
1.5200000000e-07
1.3140000000e-05
6.4054000000e-05
4.4100000000e-07
1.6200000000e-07
1.9259000000e-05
2.1800000000e-07
1.5100000000e-07
1.6900000000e-07
1.3071000000e-05
1.8000000000e-07
1.6200000000e-07
1.4800000000e-07
1.6863000000e-05
2.1900000000e-07
1.4400000000e-07
1.5100000000e-07
6.4150000000e-06
6.4376000000e-05
4.6900000000e-07
1.7600000000e-07
1.1207000000e-05
2.0700000000e-07
1.5000000000e-07
1.5700000000e-07
7.1500000000e-06
2.0000000000e-07
1.5200000000e-07
1.4800000000e-07
1.6814000000e-05
2.2400000000e-07
1.6000000000e-07
1.5600000000e-07
1.4544000000e-05
6.4671000000e-05
4.3300000000e-07
1.7200000000e-07
1.1175000000e-05
2.1300000000e-07
1.5000000000e-07
1.5100000000e-07
1.3062000000e-05
1.7900000000e-07
1.5400000000e-07
1.5300000000e-07
1.6829000000e-05
2.0300000000e-07
1.4900000000e-07
1.4700000000e-07
1.3136000000e-05
6.5169000000e-05
4.4700000000e-07
1.8000000000e-07
1.7648000000e-05
2.2100000000e-07
1.5400000000e-07
1.5200000000e-07
6.5390000000e-06
1.8900000000e-07
1.5300000000e-07
1.5200000000e-07
1.8214000000e-05
2.0100000000e-07
1.5200000000e-07
1.4900000000e-07
1.3042000000e-05
6.4560000000e-05
4.6900000000e-07
1.6000000000e-07
1.1005000000e-05
2.2800000000e-07
1.4700000000e-07
1.5600000000e-07
6.5250000000e-06
2.0100000000e-07
1.5600000000e-07
1.6600000000e-07
1.6830000000e-05
2.1500000000e-07
1.5100000000e-07
1.5200000000e-07
6.4660000000e-06
6.4732000000e-05
4.7100000000e-07
1.8300000000e-07
1.1246000000e-05
2.0100000000e-07
1.5200000000e-07
1.5300000000e-07
1.8198000000e-05
2.4200000000e-07
1.5700000000e-07
1.5700000000e-07
1.2954000000e-05
1.9900000000e-07
1.5500000000e-07
1.5000000000e-07
1.6949000000e-05
6.4412000000e-05
4.4300000000e-07
1.7400000000e-07
1.4097000000e-05
1.9900000000e-07
1.5200000000e-07
1.6900000000e-07
1.7002000000e-05
2.1500000000e-07
1.5300000000e-07
1.5000000000e-07
9.7590000000e-06
2.0500000000e-07
1.4600000000e-07
1.5200000000e-07
1.3485000000e-05
6.4353000000e-05
4.4500000000e-07
1.8200000000e-07
1.5742000000e-05
2.1700000000e-07
1.5400000000e-07
1.5700000000e-07
1.6999000000e-05
2.1800000000e-07
1.5300000000e-07
1.4800000000e-07
1.3019000000e-05
2.0500000000e-07
1.5300000000e-07
1.4700000000e-07
1.6862000000e-05
6.3968000000e-05
4.6100000000e-07
1.8000000000e-07
1.3888000000e-05
1.9300000000e-07
1.4900000000e-07
1.6200000000e-07
1.3755000000e-05
2.2400000000e-07
1.5200000000e-07
1.5800000000e-07
6.4570000000e-06
2.1100000000e-07
1.5100000000e-07
1.6400000000e-07
1.4991000000e-05
6.4070000000e-05
4.5100000000e-07
1.8800000000e-07
1.4321000000e-05
2.0300000000e-07
1.7000000000e-07
1.5300000000e-07
1.3811000000e-05
2.2300000000e-07
1.5000000000e-07
1.5300000000e-07
9.7600000000e-06
2.1100000000e-07
1.7500000000e-07
2.0000000000e-07
1.6768000000e-05
6.5083000000e-05
4.2000000000e-07
1.7700000000e-07
1.3947000000e-05
2.2500000000e-07
1.4900000000e-07
1.5700000000e-07
1.6935000000e-05
2.0700000000e-07
1.5000000000e-07
1.6700000000e-07
1.4683000000e-05
2.0700000000e-07
1.6000000000e-07
1.5900000000e-07
1.6819000000e-05
6.4019000000e-05
4.3700000000e-07
1.7200000000e-07
1.4047000000e-05
1.9800000000e-07
1.5200000000e-07
1.5200000000e-07
2.3132000000e-05
2.3800000000e-07
1.5000000000e-07
1.5900000000e-07
1.2985000000e-05
1.9400000000e-07
1.5600000000e-07
1.6600000000e-07
1.6784000000e-05
6.3529000000e-05
4.1800000000e-07
1.8200000000e-07
1.5325000000e-05
1.9100000000e-07
1.5300000000e-07
1.5400000000e-07
1.0382000000e-05
1.9700000000e-07
1.5200000000e-07
1.4600000000e-07
6.4670000000e-06
2.1300000000e-07
1.5000000000e-07
1.5400000000e-07
1.6675000000e-05
6.4454000000e-05
4.2800000000e-07
1.7800000000e-07
1.4378000000e-05
2.0900000000e-07
1.6000000000e-07
1.5000000000e-07
1.6961000000e-05
2.2700000000e-07
1.5200000000e-07
1.5300000000e-07
1.3147000000e-05
2.5000000000e-07
1.5700000000e-07
1.6300000000e-07
1.1757000000e-05
6.4632000000e-05
4.1400000000e-07
1.7800000000e-07
7.3570000000e-06
2.1300000000e-07
1.5600000000e-07
1.7200000000e-07
1.7056000000e-05
2.2400000000e-07
1.6800000000e-07
1.4700000000e-07
1.3040000000e-05
2.0100000000e-07
1.5200000000e-07
1.5300000000e-07
1.6905000000e-05
6.5611000000e-05
4.0400000000e-07
1.7800000000e-07
7.2560000000e-06
1.8800000000e-07
1.5200000000e-07
1.5200000000e-07
1.7115000000e-05
2.1800000000e-07
1.5300000000e-07
1.5000000000e-07
1.4443000000e-05
2.2400000000e-07
1.6000000000e-07
1.5700000000e-07
1.6800000000e-05
6.3855000000e-05
4.4500000000e-07
1.7800000000e-07
1.3866000000e-05
1.9700000000e-07
1.5300000000e-07
1.4800000000e-07
1.7091000000e-05
2.4300000000e-07
1.5200000000e-07
1.5200000000e-07
1.3082000000e-05
2.2800000000e-07
1.4800000000e-07
1.5300000000e-07
1.0245000000e-05
6.3800000000e-05
4.2600000000e-07
1.7800000000e-07
1.6740000000e-05
2.0700000000e-07
1.5200000000e-07
1.7200000000e-07
3.0989000000e-05
2.3300000000e-07
1.5000000000e-07
1.5100000000e-07
1.2976000000e-05
2.1700000000e-07
1.5100000000e-07
1.5200000000e-07
1.7101000000e-05
7.0756000000e-05
4.5300000000e-07
1.9500000000e-07
1.0601000000e-05
1.9300000000e-07
1.4900000000e-07
1.6600000000e-07
1.0413000000e-05
2.1100000000e-07
1.5000000000e-07
1.5300000000e-07
6.4510000000e-06
2.1300000000e-07
1.5200000000e-07
1.6000000000e-07
1.3436000000e-05
6.3787000000e-05
4.3700000000e-07
1.8400000000e-07
1.2187000000e-05
1.9700000000e-07
1.5900000000e-07
1.6400000000e-07
1.3837000000e-05
2.0500000000e-07
1.5000000000e-07
1.6800000000e-07
1.3064000000e-05
2.2200000000e-07
1.5300000000e-07
1.4800000000e-07
1.3486000000e-05
6.3968000000e-05
4.2800000000e-07
1.7800000000e-07
1.0738000000e-05
1.9500000000e-07
1.5500000000e-07
1.7000000000e-07
1.7032000000e-05
2.2800000000e-07
1.5100000000e-07
1.7300000000e-07
1.3121000000e-05
1.9900000000e-07
1.4800000000e-07
1.5100000000e-07
1.8405000000e-05
6.3747000000e-05
4.2600000000e-07
1.5400000000e-07
1.4207000000e-05
2.0700000000e-07
1.5400000000e-07
1.5200000000e-07
1.3748000000e-05
2.2000000000e-07
1.4900000000e-07
1.5400000000e-07
1.0124000000e-05
2.1300000000e-07
8.3056200000e-04
3.9800000000e-07
1.7226000000e-05
6.8751000000e-05
4.2900000000e-07
1.6100000000e-07
9.8720000000e-06
2.2100000000e-07
1.5000000000e-07
1.6000000000e-07
1.7244000000e-05
1.9700000000e-07
1.5100000000e-07
1.4900000000e-07
6.5550000000e-06
2.3000000000e-07
1.5200000000e-07
1.6200000000e-07
1.6744000000e-05
6.5927000000e-05
4.5500000000e-07
1.6400000000e-07
1.3864000000e-05
1.9800000000e-07
1.5500000000e-07
1.5600000000e-07
2.3372000000e-05
2.4400000000e-07
1.5600000000e-07
1.5300000000e-07
1.3067000000e-05
1.9500000000e-07
1.5800000000e-07
1.5700000000e-07
1.5378000000e-05
6.5230000000e-05
4.4300000000e-07
1.6400000000e-07
1.0691000000e-05
1.9100000000e-07
1.5200000000e-07
1.4900000000e-07
1.3825000000e-05
2.2300000000e-07
1.5600000000e-07
1.5200000000e-07
6.8540000000e-06
2.0900000000e-07
1.5100000000e-07
1.4800000000e-07
1.0471000000e-05
6.5927000000e-05
4.2300000000e-07
1.8200000000e-07
1.0734000000e-05
2.0300000000e-07
1.5600000000e-07
1.5000000000e-07
1.7048000000e-05
2.3300000000e-07
1.5000000000e-07
1.4800000000e-07
1.1281000000e-05
2.0000000000e-07
1.5600000000e-07
1.5000000000e-07
1.3396000000e-05
6.5671000000e-05
4.3400000000e-07
1.7900000000e-07
1.0674000000e-05
2.1500000000e-07
1.5300000000e-07
1.6600000000e-07
1.3644000000e-05
2.2100000000e-07
1.5200000000e-07
1.5100000000e-07
1.3085000000e-05
2.0500000000e-07
1.5200000000e-07
1.4500000000e-07
1.3427000000e-05
6.5407000000e-05
4.7500000000e-07
1.8200000000e-07
7.3610000000e-06
2.0200000000e-07
1.5300000000e-07
1.5200000000e-07
1.1920000000e-05
2.1500000000e-07
1.5100000000e-07
1.5300000000e-07
9.7590000000e-06
2.2300000000e-07
1.4900000000e-07
1.5000000000e-07
1.3523000000e-05
6.5312000000e-05
4.1200000000e-07
1.7400000000e-07
1.0665000000e-05
2.0300000000e-07
1.5700000000e-07
1.5000000000e-07
1.7204000000e-05
2.2100000000e-07
1.6000000000e-07
1.5600000000e-07
1.3386000000e-05
2.1300000000e-07
1.5200000000e-07
1.5400000000e-07
1.7022000000e-05
6.5351000000e-05
4.5300000000e-07
1.8800000000e-07
2.5688000000e-05
2.3400000000e-07
1.5400000000e-07
1.5300000000e-07
1.3159000000e-05
1.9500000000e-07
1.4900000000e-07
1.7200000000e-07
1.6929000000e-05
2.3500000000e-07
1.5200000000e-07
1.5100000000e-07
1.3002000000e-05
6.5114000000e-05
4.9400000000e-07
1.8400000000e-07
1.7792000000e-05
2.3800000000e-07
1.5000000000e-07
1.4700000000e-07
1.3152000000e-05
2.0200000000e-07
1.4900000000e-07
1.5000000000e-07
1.8425000000e-05
2.4600000000e-07
1.9900000000e-07
1.6400000000e-07
1.3038000000e-05
6.5796000000e-05
4.6300000000e-07
1.7600000000e-07
1.7835000000e-05
2.2800000000e-07
1.5600000000e-07
1.5100000000e-07
1.3015000000e-05
1.9100000000e-07
1.5400000000e-07
1.5700000000e-07
1.6946000000e-05
2.3000000000e-07
1.5200000000e-07
1.4600000000e-07
1.2767000000e-05
6.5255000000e-05
4.6900000000e-07
1.7200000000e-07
1.1173000000e-05
1.9900000000e-07
1.5600000000e-07
1.6200000000e-07
1.4861000000e-05
2.2400000000e-07
1.5300000000e-07
1.5200000000e-07
1.6753000000e-05
2.4400000000e-07
1.5000000000e-07
1.5600000000e-07
1.3662000000e-05
6.5089000000e-05
4.5400000000e-07
1.6300000000e-07
1.7723000000e-05
2.1500000000e-07
1.5200000000e-07
1.5200000000e-07
6.5010000000e-06
1.8700000000e-07
1.5600000000e-07
1.5500000000e-07
1.0185000000e-05
2.2100000000e-07
1.5900000000e-07
1.5100000000e-07
1.3173000000e-05
6.5734000000e-05
4.2900000000e-07
1.7600000000e-07
1.9226000000e-05
2.3400000000e-07
1.5400000000e-07
1.5100000000e-07
1.3085000000e-05
1.9700000000e-07
1.5400000000e-07
1.5100000000e-07
1.6896000000e-05
2.1300000000e-07
1.5100000000e-07
1.5600000000e-07
6.5350000000e-06
6.4333000000e-05
5.1000000000e-07
1.6800000000e-07
2.0851000000e-05
2.4400000000e-07
1.6800000000e-07
1.5100000000e-07
9.8350000000e-06
1.9300000000e-07
1.5000000000e-07
1.5900000000e-07
1.6944000000e-05
2.3200000000e-07
1.5300000000e-07
1.5200000000e-07
1.4609000000e-05
6.4630000000e-05
4.5300000000e-07
1.8000000000e-07
1.7734000000e-05
2.0500000000e-07
1.5300000000e-07
1.6600000000e-07
1.3423000000e-05
1.8500000000e-07
1.4800000000e-07
1.5500000000e-07
1.7120000000e-05
2.1900000000e-07
1.6000000000e-07
1.5600000000e-07
1.3062000000e-05
6.4880000000e-05
4.7300000000e-07
1.7800000000e-07
1.7787000000e-05
2.1100000000e-07
1.5200000000e-07
1.5400000000e-07
1.3140000000e-05
2.0300000000e-07
1.6400000000e-07
1.5200000000e-07
1.8493000000e-05
2.1500000000e-07
1.5500000000e-07
1.5000000000e-07
1.3021000000e-05
6.5751000000e-05
4.8300000000e-07
1.7500000000e-07
1.7660000000e-05
2.2800000000e-07
1.6200000000e-07
1.5200000000e-07
1.3115000000e-05
1.8900000000e-07
1.5400000000e-07
1.7300000000e-07
1.3506000000e-05
2.1800000000e-07
1.5000000000e-07
1.5300000000e-07
9.7340000000e-06
6.5197000000e-05
4.5700000000e-07
1.7800000000e-07
1.7828000000e-05
2.2500000000e-07
1.5400000000e-07
1.5800000000e-07
1.1367000000e-05
1.8900000000e-07
1.5000000000e-07
1.5000000000e-07
1.3566000000e-05
1.9700000000e-07
1.5200000000e-07
1.4600000000e-07
9.7710000000e-06
6.5171000000e-05
4.5300000000e-07
1.8600000000e-07
1.4421000000e-05
2.1700000000e-07
1.5200000000e-07
1.5000000000e-07
1.3513000000e-05
2.1100000000e-07
1.5600000000e-07
1.4800000000e-07
1.7161000000e-05
2.0700000000e-07
1.4400000000e-07
1.4900000000e-07
1.2902000000e-05
6.5685000000e-05
4.5900000000e-07
1.7000000000e-07
2.5404000000e-05
2.5400000000e-07
1.5400000000e-07
1.5700000000e-07
1.3124000000e-05
2.2500000000e-07
1.4800000000e-07
1.5200000000e-07
1.6824000000e-05
2.2400000000e-07
1.6200000000e-07
1.5600000000e-07
1.2905000000e-05
6.6011000000e-05
4.6000000000e-07
1.6600000000e-07
1.7416000000e-05
2.4100000000e-07
1.5000000000e-07
1.6600000000e-07
1.2853000000e-05
1.8900000000e-07
1.4700000000e-07
1.5400000000e-07
1.8347000000e-05
2.4000000000e-07
1.5200000000e-07
1.5000000000e-07
1.2975000000e-05
6.5716000000e-05
4.6100000000e-07
1.8000000000e-07
1.7701000000e-05
2.1700000000e-07
1.5600000000e-07
1.5200000000e-07
1.3031000000e-05
1.8700000000e-07
1.5000000000e-07
1.5600000000e-07
1.0202000000e-05
2.0300000000e-07
1.5300000000e-07
1.5200000000e-07
1.3257000000e-05
6.5412000000e-05
4.5300000000e-07
1.7800000000e-07
1.7933000000e-05
2.2900000000e-07
1.5400000000e-07
1.5000000000e-07
1.4654000000e-05
2.0900000000e-07
1.5000000000e-07
1.5200000000e-07
1.0359000000e-05
2.2100000000e-07
1.5000000000e-07
1.6200000000e-07
1.3062000000e-05
6.5230000000e-05
4.5900000000e-07
1.7600000000e-07
1.1093000000e-05
2.2400000000e-07
1.5600000000e-07
1.4800000000e-07
1.3001000000e-05
1.9300000000e-07
1.4700000000e-07
1.5200000000e-07
1.6798000000e-05
2.1500000000e-07
1.5200000000e-07
1.5300000000e-07
1.3046000000e-05
6.5466000000e-05
4.3800000000e-07
1.7900000000e-07
1.9144000000e-05
2.4000000000e-07
1.4400000000e-07
1.5100000000e-07
1.3099000000e-05
1.8900000000e-07
1.5200000000e-07
1.5500000000e-07
1.6661000000e-05
2.2600000000e-07
1.5100000000e-07
1.5000000000e-07
1.9372000000e-05
6.5054000000e-05
4.2600000000e-07
1.6000000000e-07
7.4160000000e-06
1.9700000000e-07
1.6400000000e-07
1.5000000000e-07
1.3707000000e-05
2.2300000000e-07
1.5000000000e-07
1.5000000000e-07
1.3185000000e-05
1.8400000000e-07
1.5200000000e-07
1.4500000000e-07
1.8235000000e-05
6.6564000000e-05
4.1600000000e-07
1.6400000000e-07
1.4474000000e-05
1.9300000000e-07
1.5700000000e-07
1.6400000000e-07
1.7067000000e-05
2.1700000000e-07
1.5200000000e-07
1.5100000000e-07
1.2980000000e-05
2.0600000000e-07
1.5400000000e-07
1.5600000000e-07
1.3507000000e-05
6.4847000000e-05
4.6100000000e-07
1.8000000000e-07
7.3960000000e-06
1.8700000000e-07
1.5100000000e-07
1.5200000000e-07
1.0412000000e-05
2.1900000000e-07
1.5800000000e-07
1.4900000000e-07
1.1327000000e-05
2.1900000000e-07
1.5000000000e-07
1.5700000000e-07
1.3669000000e-05
6.4954000000e-05
4.7700000000e-07
2.0500000000e-07
7.3320000000e-06
1.9100000000e-07
1.4800000000e-07
1.4900000000e-07
1.0583000000e-05
2.2300000000e-07
1.5600000000e-07
1.4800000000e-07
9.7830000000e-06
2.1300000000e-07
1.5200000000e-07
1.5000000000e-07
1.3451000000e-05
6.5068000000e-05
4.4300000000e-07
1.7800000000e-07
7.4940000000e-06
1.9800000000e-07
1.5300000000e-07
1.4800000000e-07
1.1982000000e-05
2.2100000000e-07
1.5500000000e-07
1.5400000000e-07
9.7120000000e-06
2.0500000000e-07
1.6000000000e-07
1.5400000000e-07
1.6860000000e-05
6.5036000000e-05
4.4300000000e-07
1.7600000000e-07
1.1017000000e-05
1.9500000000e-07
1.5000000000e-07
1.5600000000e-07
1.0641000000e-05
2.1900000000e-07
1.6200000000e-07
1.5500000000e-07
9.6190000000e-06
1.9900000000e-07
1.5100000000e-07
1.5500000000e-07
2.4686000000e-05
6.5095000000e-05
4.4700000000e-07
1.9500000000e-07
1.3875000000e-05
2.0300000000e-07
1.6400000000e-07
1.5600000000e-07
1.7017000000e-05
2.1500000000e-07
1.4900000000e-07
1.5600000000e-07
1.3027000000e-05
2.1200000000e-07
8.1933800000e-04
3.6000000000e-07
1.3939000000e-05
7.7788000000e-05
5.3700000000e-07
1.9400000000e-07
1.4161000000e-05
1.9900000000e-07
1.6800000000e-07
1.6400000000e-07
1.8478000000e-05
2.2100000000e-07
1.6700000000e-07
1.4800000000e-07
1.3122000000e-05
1.9600000000e-07
1.5600000000e-07
1.5200000000e-07
1.6814000000e-05
7.5641000000e-05
4.9800000000e-07
1.7400000000e-07
1.3927000000e-05
2.1700000000e-07
1.5800000000e-07
1.6600000000e-07
1.6884000000e-05
2.2000000000e-07
1.6400000000e-07
1.4900000000e-07
1.3374000000e-05
2.1300000000e-07
1.5000000000e-07
1.5400000000e-07
1.3457000000e-05
7.5106000000e-05
4.0100000000e-07
1.8100000000e-07
8.9350000000e-06
2.0700000000e-07
1.6000000000e-07
1.4900000000e-07
1.0757000000e-05
2.2000000000e-07
1.6400000000e-07
1.6300000000e-07
6.4640000000e-06
2.1300000000e-07
1.5600000000e-07
1.5200000000e-07
1.3463000000e-05
7.4822000000e-05
4.2800000000e-07
1.6000000000e-07
1.3985000000e-05
1.8800000000e-07
1.6400000000e-07
1.6600000000e-07
1.3621000000e-05
2.4100000000e-07
1.5000000000e-07
1.4600000000e-07
6.4590000000e-06
2.3000000000e-07
1.6400000000e-07
1.5500000000e-07
1.5386000000e-05
7.5343000000e-05
4.3800000000e-07
1.5800000000e-07
1.0716000000e-05
1.8600000000e-07
1.6200000000e-07
1.6400000000e-07
1.3624000000e-05
2.2400000000e-07
1.6400000000e-07
1.6600000000e-07
1.2992000000e-05
2.1300000000e-07
1.6200000000e-07
1.5800000000e-07
2.3034000000e-05
7.5653000000e-05
4.2600000000e-07
1.7500000000e-07
1.3775000000e-05
1.9900000000e-07
1.6200000000e-07
1.6000000000e-07
1.8637000000e-05
2.1300000000e-07
1.6600000000e-07
1.5200000000e-07
1.3398000000e-05
1.8500000000e-07
1.6800000000e-07
1.4900000000e-07
1.6753000000e-05
7.5964000000e-05
4.9800000000e-07
1.7400000000e-07
7.5270000000e-06
2.0200000000e-07
1.6100000000e-07
1.7400000000e-07
1.0422000000e-05
2.1400000000e-07
1.5700000000e-07
1.4800000000e-07
1.3099000000e-05
2.0100000000e-07
1.6400000000e-07
1.6800000000e-07
1.6767000000e-05
7.5279000000e-05
4.5900000000e-07
1.7400000000e-07
1.5460000000e-05
1.9700000000e-07
1.5800000000e-07
1.6200000000e-07
1.6988000000e-05
2.1300000000e-07
1.4900000000e-07
1.4800000000e-07
1.2984000000e-05
2.0900000000e-07
1.6000000000e-07
1.7600000000e-07
1.0191000000e-05
7.5497000000e-05
4.9400000000e-07
1.7400000000e-07
1.4001000000e-05
1.8800000000e-07
1.7600000000e-07
1.5600000000e-07
1.6880000000e-05
1.9700000000e-07
1.6000000000e-07
1.4900000000e-07
1.3023000000e-05
2.1900000000e-07
1.5800000000e-07
1.5000000000e-07
1.8248000000e-05
7.5712000000e-05
4.6200000000e-07
1.8400000000e-07
1.3855000000e-05
1.9400000000e-07
1.7600000000e-07
1.5200000000e-07
1.0345000000e-05
2.1900000000e-07
1.5800000000e-07
1.5400000000e-07
1.3398000000e-05
2.4000000000e-07
1.4900000000e-07
1.5400000000e-07
1.6769000000e-05
7.5635000000e-05
4.8200000000e-07
1.6000000000e-07
1.3941000000e-05
2.0100000000e-07
1.6000000000e-07
1.6400000000e-07
1.6964000000e-05
2.1900000000e-07
1.5800000000e-07
1.7000000000e-07
1.7608000000e-05
2.2500000000e-07
1.6400000000e-07
1.5400000000e-07
1.3214000000e-05
7.5634000000e-05
4.5500000000e-07
1.7600000000e-07
1.7699000000e-05
2.4100000000e-07
1.5800000000e-07
1.5000000000e-07
1.3253000000e-05
2.0700000000e-07
1.5500000000e-07
1.6400000000e-07
1.6888000000e-05
2.5900000000e-07
1.6200000000e-07
1.5300000000e-07
9.7320000000e-06
7.5690000000e-05
4.5900000000e-07
1.8000000000e-07
1.1234000000e-05
2.1000000000e-07
1.5300000000e-07
1.6600000000e-07
1.1351000000e-05
1.9600000000e-07
1.6600000000e-07
1.6600000000e-07
1.6819000000e-05
2.1300000000e-07
1.5000000000e-07
1.5100000000e-07
1.3046000000e-05
7.5555000000e-05
4.8600000000e-07
1.8900000000e-07
1.7873000000e-05
2.0500000000e-07
1.6000000000e-07
1.5100000000e-07
1.3601000000e-05
1.8800000000e-07
1.6200000000e-07
1.6400000000e-07
1.3554000000e-05
2.0700000000e-07
1.5200000000e-07
1.5100000000e-07
9.7360000000e-06
7.5413000000e-05
4.6700000000e-07
1.8000000000e-07
1.6493000000e-05
2.3000000000e-07
1.8300000000e-07
1.6400000000e-07
6.5840000000e-06
1.8800000000e-07
1.5200000000e-07
1.6200000000e-07
1.3566000000e-05
2.4800000000e-07
1.5400000000e-07
1.6300000000e-07
9.6230000000e-06
7.5120000000e-05
4.3500000000e-07
1.6600000000e-07
1.1279000000e-05
2.1100000000e-07
1.5800000000e-07
1.5200000000e-07
9.8420000000e-06
1.8700000000e-07
1.5900000000e-07
1.5500000000e-07
1.3532000000e-05
2.0700000000e-07
1.5200000000e-07
1.5700000000e-07
1.1215000000e-05
7.5270000000e-05
4.5300000000e-07
1.7500000000e-07
1.4632000000e-05
2.1300000000e-07
1.6200000000e-07
1.6000000000e-07
9.9410000000e-06
1.9000000000e-07
1.5800000000e-07
1.5000000000e-07
1.6544000000e-05
2.2900000000e-07
1.6800000000e-07
1.6000000000e-07
6.5130000000e-06
7.6212000000e-05
5.0400000000e-07
1.8000000000e-07
1.8243000000e-05
2.2700000000e-07
1.5400000000e-07
1.4600000000e-07
1.4965000000e-05
1.9900000000e-07
1.6200000000e-07
1.5000000000e-07
1.7025000000e-05
2.0500000000e-07
1.5400000000e-07
1.5400000000e-07
6.6100000000e-06
7.5376000000e-05
4.9400000000e-07
1.8700000000e-07
1.7714000000e-05
2.6100000000e-07
1.5200000000e-07
1.6200000000e-07
1.3056000000e-05
1.8700000000e-07
1.6200000000e-07
1.4900000000e-07
1.6841000000e-05
1.9900000000e-07
1.6200000000e-07
1.5200000000e-07
6.4220000000e-06
7.4984000000e-05
4.7300000000e-07
1.8100000000e-07
1.9271000000e-05
2.3800000000e-07
1.6000000000e-07
1.5400000000e-07
6.4790000000e-06
1.8400000000e-07
1.6200000000e-07
1.5200000000e-07
1.0156000000e-05
2.5400000000e-07
1.5200000000e-07
1.5400000000e-07
6.5510000000e-06
7.5594000000e-05
4.5000000000e-07
1.6600000000e-07
1.1190000000e-05
2.3400000000e-07
1.6400000000e-07
1.5400000000e-07
1.3111000000e-05
1.8700000000e-07
1.5800000000e-07
1.5100000000e-07
1.6692000000e-05
2.1500000000e-07
1.7000000000e-07
1.5200000000e-07
7.9060000000e-06
7.5272000000e-05
4.3600000000e-07
1.7800000000e-07
1.7761000000e-05
2.2100000000e-07
1.6800000000e-07
1.5400000000e-07
1.3534000000e-05
1.9300000000e-07
1.6200000000e-07
1.6000000000e-07
1.6685000000e-05
1.9900000000e-07
1.6400000000e-07
1.5100000000e-07
1.3181000000e-05
7.5146000000e-05
4.7800000000e-07
1.6400000000e-07
1.7778000000e-05
2.0500000000e-07
1.6200000000e-07
1.6200000000e-07
6.4590000000e-06
2.0000000000e-07
1.5600000000e-07
1.5400000000e-07
1.8036000000e-05
2.1500000000e-07
1.5200000000e-07
1.6600000000e-07
9.8380000000e-06
7.5200000000e-05
4.4900000000e-07
1.8200000000e-07
1.1300000000e-05
2.4000000000e-07
1.5400000000e-07
1.5100000000e-07
9.8090000000e-06
1.8000000000e-07
1.6200000000e-07
1.5600000000e-07
1.6859000000e-05
2.3400000000e-07
1.6200000000e-07
1.4900000000e-07
1.2954000000e-05
7.5510000000e-05
4.5700000000e-07
1.7200000000e-07
1.7855000000e-05
2.1500000000e-07
1.7200000000e-07
1.6800000000e-07
1.4626000000e-05
2.0700000000e-07
1.5000000000e-07
1.5200000000e-07
1.3650000000e-05
2.0500000000e-07
1.4800000000e-07
1.5000000000e-07
9.8280000000e-06
7.6079000000e-05
4.4500000000e-07
1.8000000000e-07
1.8032000000e-05
2.1900000000e-07
1.6000000000e-07
1.6200000000e-07
1.3097000000e-05
1.9700000000e-07
1.7200000000e-07
1.5000000000e-07
1.6826000000e-05
2.1100000000e-07
1.5800000000e-07
1.8300000000e-07
9.9860000000e-06
7.5520000000e-05
4.5900000000e-07
1.8800000000e-07
1.2713000000e-05
1.9900000000e-07
1.6200000000e-07
1.5200000000e-07
6.5600000000e-06
1.8900000000e-07
1.6600000000e-07
1.5100000000e-07
1.3606000000e-05
2.2300000000e-07
1.5200000000e-07
1.6400000000e-07
9.7460000000e-06
7.4328000000e-05
4.8000000000e-07
1.7800000000e-07
1.4505000000e-05
2.1700000000e-07
1.6400000000e-07
1.5400000000e-07
1.3039000000e-05
2.1000000000e-07
1.4900000000e-07
1.5800000000e-07
1.6818000000e-05
1.8700000000e-07
1.6400000000e-07
1.5200000000e-07
1.4629000000e-05
7.5815000000e-05
4.9600000000e-07
1.8200000000e-07
1.4573000000e-05
2.0900000000e-07
1.6000000000e-07
1.7200000000e-07
1.9587000000e-05
2.1500000000e-07
1.6200000000e-07
1.7000000000e-07
6.5720000000e-06
1.8600000000e-07
1.6200000000e-07
1.4900000000e-07
1.6841000000e-05
1.8402900000e-04
4.6700000000e-07
1.9500000000e-07
1.4347000000e-05
2.1500000000e-07
1.5000000000e-07
1.6200000000e-07
1.2053000000e-05
2.1500000000e-07
1.6000000000e-07
1.5500000000e-07
1.3193000000e-05
2.1700000000e-07
1.8900000000e-07
1.5300000000e-07
1.0585000000e-05
7.5446000000e-05
4.3500000000e-07
1.6600000000e-07
7.3470000000e-06
2.0600000000e-07
1.5300000000e-07
1.7000000000e-07
1.6872000000e-05
2.1100000000e-07
1.6400000000e-07
1.5200000000e-07
1.3056000000e-05
2.0700000000e-07
1.5200000000e-07
1.5100000000e-07
1.6821000000e-05
7.5728000000e-05
4.5700000000e-07
1.8000000000e-07
1.5230000000e-05
1.9500000000e-07
1.6400000000e-07
1.5600000000e-07
1.7078000000e-05
2.3700000000e-07
1.6800000000e-07
1.5300000000e-07
1.3032000000e-05
2.1700000000e-07
8.1775000000e-04
4.6500000000e-07
1.3812000000e-05
7.9943000000e-05
4.8500000000e-07
1.5600000000e-07
1.1642000000e-05
2.1400000000e-07
1.7200000000e-07
1.5300000000e-07
1.7248000000e-05
2.1100000000e-07
1.7400000000e-07
1.5500000000e-07
1.4542000000e-05
1.9900000000e-07
1.5200000000e-07
1.5300000000e-07
1.6921000000e-05
7.5752000000e-05
4.5900000000e-07
1.7600000000e-07
1.3906000000e-05
2.1100000000e-07
1.6300000000e-07
1.5200000000e-07
1.6991000000e-05
2.1700000000e-07
1.5800000000e-07
1.5000000000e-07
1.3220000000e-05
2.0700000000e-07
1.6400000000e-07
1.5500000000e-07
1.6855000000e-05
7.4925000000e-05
4.7100000000e-07
1.8000000000e-07
1.3884000000e-05
1.9800000000e-07
1.6400000000e-07
1.5200000000e-07
1.8302000000e-05
2.3400000000e-07
1.7000000000e-07
1.6000000000e-07
1.3031000000e-05
1.9500000000e-07
1.6200000000e-07
1.6200000000e-07
1.6915000000e-05
8.2432000000e-05
4.4300000000e-07
1.7700000000e-07
1.3880000000e-05
1.8900000000e-07
1.6000000000e-07
1.6600000000e-07
1.0404000000e-05
2.1600000000e-07
1.5100000000e-07
1.5000000000e-07
1.3033000000e-05
2.2300000000e-07
1.6200000000e-07
1.5800000000e-07
1.8220000000e-05
7.5780000000e-05
4.2400000000e-07
1.6800000000e-07
1.3914000000e-05
1.9200000000e-07
1.6000000000e-07
1.7400000000e-07
1.0406000000e-05
2.1700000000e-07
1.5200000000e-07
1.5800000000e-07
1.3132000000e-05
2.1200000000e-07
1.6500000000e-07
1.5500000000e-07
1.6839000000e-05
7.5189000000e-05
4.2900000000e-07
1.6600000000e-07
1.3951000000e-05
2.0500000000e-07
1.6100000000e-07
1.5800000000e-07
1.0566000000e-05
2.1200000000e-07
1.6000000000e-07
1.5500000000e-07
1.4613000000e-05
2.1500000000e-07
1.6400000000e-07
1.4800000000e-07
1.6826000000e-05
7.4975000000e-05
4.3500000000e-07
1.7500000000e-07
1.3832000000e-05
1.9600000000e-07
1.6800000000e-07
1.5600000000e-07
1.0550000000e-05
2.2100000000e-07
1.6000000000e-07
1.5400000000e-07
1.3138000000e-05
2.0900000000e-07
1.6400000000e-07
1.5800000000e-07
1.6820000000e-05
7.5528000000e-05
4.2600000000e-07
1.6600000000e-07
7.4390000000e-06
1.9900000000e-07
1.5800000000e-07
1.5100000000e-07
1.1978000000e-05
2.1300000000e-07
1.5300000000e-07
1.5200000000e-07
1.3085000000e-05
2.0300000000e-07
1.6000000000e-07
1.5300000000e-07
1.6771000000e-05
7.5213000000e-05
4.5300000000e-07
1.8200000000e-07
1.4009000000e-05
1.8600000000e-07
1.6300000000e-07
1.5700000000e-07
2.3440000000e-05
2.3400000000e-07
1.5500000000e-07
1.5400000000e-07
1.3398000000e-05
2.0900000000e-07
1.6100000000e-07
1.5100000000e-07
1.7107000000e-05
7.4950000000e-05
4.1800000000e-07
1.8400000000e-07
1.5599000000e-05
1.8500000000e-07
1.6200000000e-07
1.6400000000e-07
1.5865000000e-05
2.6500000000e-07
1.6000000000e-07
1.7000000000e-07
9.7730000000e-06
2.2500000000e-07
1.6200000000e-07
1.5400000000e-07
1.6818000000e-05
7.5393000000e-05
4.2600000000e-07
1.6400000000e-07
1.3905000000e-05
1.9300000000e-07
1.6200000000e-07
1.7700000000e-07
1.6974000000e-05
2.1300000000e-07
1.6000000000e-07
1.5000000000e-07
9.7820000000e-06
2.1500000000e-07
1.6000000000e-07
1.5400000000e-07
1.1799000000e-05
7.5876000000e-05
4.4500000000e-07
1.7200000000e-07
1.0628000000e-05
1.9500000000e-07
1.6200000000e-07
1.5300000000e-07
1.7140000000e-05
2.1700000000e-07
1.6200000000e-07
1.5000000000e-07
1.3161000000e-05
2.2100000000e-07
1.6500000000e-07
1.5700000000e-07
1.7284000000e-05
7.5200000000e-05
4.6600000000e-07
1.7600000000e-07
1.3898000000e-05
2.0500000000e-07
1.7400000000e-07
1.5200000000e-07
1.6990000000e-05
2.1100000000e-07
1.7300000000e-07
1.5300000000e-07
1.1741000000e-05
2.1300000000e-07
1.5000000000e-07
1.5100000000e-07
1.3585000000e-05
7.5183000000e-05
4.2800000000e-07
1.7800000000e-07
1.0704000000e-05
1.9200000000e-07
1.5800000000e-07
1.7200000000e-07
1.3815000000e-05
2.2300000000e-07
1.5800000000e-07
1.5200000000e-07
1.3006000000e-05
2.1300000000e-07
1.6400000000e-07
1.4700000000e-07
1.6846000000e-05
7.5175000000e-05
4.2500000000e-07
1.5900000000e-07
2.5482000000e-05
2.2100000000e-07
1.6600000000e-07
1.5500000000e-07
1.3103000000e-05
1.9800000000e-07
1.6800000000e-07
1.5600000000e-07
1.0138000000e-05
2.3200000000e-07
1.5700000000e-07
1.5000000000e-07
1.3001000000e-05
7.4688000000e-05
4.0200000000e-07
1.5900000000e-07
1.7871000000e-05
2.1600000000e-07
1.6100000000e-07
1.6000000000e-07
1.3130000000e-05
1.9300000000e-07
1.5800000000e-07
1.4900000000e-07
1.0177000000e-05
2.2600000000e-07
1.6300000000e-07
1.5600000000e-07
7.9330000000e-06
7.6034000000e-05
4.4600000000e-07
2.0600000000e-07
1.1089000000e-05
2.0900000000e-07
1.6200000000e-07
1.6600000000e-07
6.8180000000e-06
2.1700000000e-07
1.5800000000e-07
1.5400000000e-07
1.6644000000e-05
2.1400000000e-07
1.6300000000e-07
1.5800000000e-07
1.3093000000e-05
7.5385000000e-05
4.2800000000e-07
1.7500000000e-07
1.1166000000e-05
2.0900000000e-07
1.6400000000e-07
1.6600000000e-07
1.3267000000e-05
2.3800000000e-07
1.5000000000e-07
1.5300000000e-07
1.1702000000e-05
2.2300000000e-07
2.2600000000e-07
1.5300000000e-07
1.3003000000e-05
7.5169000000e-05
4.1700000000e-07
1.7400000000e-07
1.7521000000e-05
2.1900000000e-07
1.6200000000e-07
1.5600000000e-07
6.5400000000e-06
1.9500000000e-07
1.5100000000e-07
1.6600000000e-07
1.6661000000e-05
2.1300000000e-07
1.5000000000e-07
1.5200000000e-07
1.2998000000e-05
7.5221000000e-05
4.6500000000e-07
1.7700000000e-07
1.7851000000e-05
2.1300000000e-07
1.6000000000e-07
1.5200000000e-07
1.4640000000e-05
2.0100000000e-07
1.6000000000e-07
1.5700000000e-07
1.6821000000e-05
2.0700000000e-07
1.6000000000e-07
1.5000000000e-07
6.4340000000e-06
7.5588000000e-05
4.2600000000e-07
1.7200000000e-07
1.7569000000e-05
2.4400000000e-07
2.1300000000e-07
1.6400000000e-07
1.3445000000e-05
2.0900000000e-07
1.6000000000e-07
1.4900000000e-07
1.3552000000e-05
2.1300000000e-07
1.6000000000e-07
1.5000000000e-07
6.4590000000e-06
7.5152000000e-05
4.3800000000e-07
1.6600000000e-07
1.6208000000e-05
2.2600000000e-07
1.6200000000e-07
1.6400000000e-07
1.3195000000e-05
1.9100000000e-07
1.5500000000e-07
1.7000000000e-07
1.6679000000e-05
2.0700000000e-07
1.5200000000e-07
1.5600000000e-07
1.3095000000e-05
7.5104000000e-05
4.7600000000e-07
1.6400000000e-07
1.7837000000e-05
2.3200000000e-07
1.6800000000e-07
1.6600000000e-07
1.3088000000e-05
2.0700000000e-07
1.5200000000e-07
1.5400000000e-07
1.6771000000e-05
2.1400000000e-07
1.4800000000e-07
1.5200000000e-07
1.4552000000e-05
7.4999000000e-05
4.4800000000e-07
1.7600000000e-07
1.7656000000e-05
1.9500000000e-07
1.7200000000e-07
1.5800000000e-07
1.3166000000e-05
1.9400000000e-07
1.6400000000e-07
1.5400000000e-07
1.6761000000e-05
2.1900000000e-07
1.5200000000e-07
1.5000000000e-07
1.3041000000e-05
7.4866000000e-05
4.4900000000e-07
1.8000000000e-07
1.7796000000e-05
2.0700000000e-07
1.5100000000e-07
1.5500000000e-07
1.3312000000e-05
1.9700000000e-07
1.6600000000e-07
1.5200000000e-07
1.8228000000e-05
2.0100000000e-07
1.5400000000e-07
1.5500000000e-07
1.3064000000e-05
7.4638000000e-05
4.6500000000e-07
1.7900000000e-07
1.8011000000e-05
2.2800000000e-07
1.7000000000e-07
1.6200000000e-07
1.3086000000e-05
2.0900000000e-07
1.5300000000e-07
1.4800000000e-07
1.3484000000e-05
2.2100000000e-07
1.6400000000e-07
1.5600000000e-07
9.7930000000e-06
7.4961000000e-05
4.2400000000e-07
1.8600000000e-07
2.5498000000e-05
2.6600000000e-07
1.5600000000e-07
1.4600000000e-07
1.3127000000e-05
1.9000000000e-07
1.6600000000e-07
1.6400000000e-07
1.0400000000e-05
2.1600000000e-07
1.6200000000e-07
1.5500000000e-07
1.3062000000e-05
7.5161000000e-05
4.1400000000e-07
1.7800000000e-07
1.7782000000e-05
2.2300000000e-07
1.5800000000e-07
1.5000000000e-07
1.3121000000e-05
1.9500000000e-07
1.5200000000e-07
1.5500000000e-07
1.0245000000e-05
2.1100000000e-07
1.7000000000e-07
1.5000000000e-07
8.1040000000e-06
7.4853000000e-05
4.1800000000e-07
1.6400000000e-07
1.7910000000e-05
2.2800000000e-07
1.6000000000e-07
1.6800000000e-07
1.3049000000e-05
1.9800000000e-07
1.5000000000e-07
1.5200000000e-07
1.6849000000e-05
2.3800000000e-07
1.5100000000e-07
1.5400000000e-07
1.3044000000e-05
7.4763000000e-05
4.5700000000e-07
1.7000000000e-07
1.1226000000e-05
2.1300000000e-07
1.8700000000e-07
1.6400000000e-07
7.0430000000e-06
1.9400000000e-07
1.6600000000e-07
1.5800000000e-07
1.8427000000e-05
2.1700000000e-07
1.6400000000e-07
1.4500000000e-07
1.3175000000e-05
7.4698000000e-05
3.9700000000e-07
1.7700000000e-07
1.7523000000e-05
2.2100000000e-07
1.6600000000e-07
1.6500000000e-07
6.7120000000e-06
1.8900000000e-07
1.6300000000e-07
1.5400000000e-07
1.6702000000e-05
2.2500000000e-07
1.5900000000e-07
1.7500000000e-07
1.2945000000e-05
7.4989000000e-05
4.3600000000e-07
1.8000000000e-07
1.7751000000e-05
2.3600000000e-07
1.5200000000e-07
1.6100000000e-07
8.0950000000e-06
2.1500000000e-07
1.5800000000e-07
1.6600000000e-07
1.6731000000e-05
2.2700000000e-07
8.1226800000e-04
3.6200000000e-07
1.7145000000e-05
7.6936000000e-05
4.5100000000e-07
1.5600000000e-07
1.4000000000e-05
2.0400000000e-07
1.5400000000e-07
1.7200000000e-07
1.7048000000e-05
2.1500000000e-07
1.6300000000e-07
1.5300000000e-07
1.4521000000e-05
2.0400000000e-07
1.5800000000e-07
1.5600000000e-07
1.7087000000e-05
7.6089000000e-05
4.4000000000e-07
1.6000000000e-07
1.3896000000e-05
1.9100000000e-07
1.5200000000e-07
1.4900000000e-07
1.0501000000e-05
2.4800000000e-07
1.6200000000e-07
1.6800000000e-07
1.3042000000e-05
2.0500000000e-07
1.6000000000e-07
1.5300000000e-07
1.0245000000e-05
7.5157000000e-05
4.4100000000e-07
1.9000000000e-07
1.3823000000e-05
1.9200000000e-07
1.6400000000e-07
1.7000000000e-07
1.8378000000e-05
2.1100000000e-07
1.6500000000e-07
1.5500000000e-07
1.3050000000e-05
2.2100000000e-07
1.6000000000e-07
1.5400000000e-07
1.6882000000e-05
7.4811000000e-05
4.2400000000e-07
1.8100000000e-07
1.3873000000e-05
1.9400000000e-07
1.6400000000e-07
1.6000000000e-07
1.7085000000e-05
2.1800000000e-07
1.8200000000e-07
1.5000000000e-07
1.3102000000e-05
2.1700000000e-07
1.6800000000e-07
1.5200000000e-07
1.0445000000e-05
7.5614000000e-05
4.2800000000e-07
1.8200000000e-07
1.5378000000e-05
1.9500000000e-07
1.6400000000e-07
1.4900000000e-07
1.7044000000e-05
2.1600000000e-07
1.5300000000e-07
1.5400000000e-07
1.2997000000e-05
1.9600000000e-07
1.5700000000e-07
1.5600000000e-07
1.6974000000e-05
7.5487000000e-05
4.2400000000e-07
1.6200000000e-07
7.5040000000e-06
2.3200000000e-07
1.5400000000e-07
1.4900000000e-07
1.7167000000e-05
1.9900000000e-07
1.5800000000e-07
1.5200000000e-07
1.3060000000e-05
2.0900000000e-07
1.5400000000e-07
1.6200000000e-07
1.7973000000e-05
7.5481000000e-05
4.0800000000e-07
1.8000000000e-07
1.3942000000e-05
2.1700000000e-07
1.6200000000e-07
1.7200000000e-07
1.7177000000e-05
2.1300000000e-07
1.6400000000e-07
1.5000000000e-07
1.2980000000e-05
2.0000000000e-07
1.5600000000e-07
1.5000000000e-07
1.3664000000e-05
7.5311000000e-05
4.3700000000e-07
1.6800000000e-07
7.3510000000e-06
2.1100000000e-07
1.6000000000e-07
1.5500000000e-07
1.3685000000e-05
2.2500000000e-07
1.6200000000e-07
1.5400000000e-07
1.4548000000e-05
2.2800000000e-07
1.8000000000e-07
1.4800000000e-07
1.6976000000e-05
7.4938000000e-05
4.5100000000e-07
1.8200000000e-07
1.0660000000e-05
1.9100000000e-07
1.6500000000e-07
1.6200000000e-07
1.0513000000e-05
2.1300000000e-07
1.6000000000e-07
1.5000000000e-07
9.7540000000e-06
1.9800000000e-07
1.6000000000e-07
1.5200000000e-07
1.6998000000e-05
7.5481000000e-05
4.1600000000e-07
1.7000000000e-07
1.3894000000e-05
1.8900000000e-07
1.6200000000e-07
1.5000000000e-07
1.8636000000e-05
2.0900000000e-07
1.5800000000e-07
1.5100000000e-07
9.7040000000e-06
1.8900000000e-07
1.6400000000e-07
1.5400000000e-07
1.3628000000e-05
7.5261000000e-05
4.3200000000e-07
1.7600000000e-07
1.4058000000e-05
1.9300000000e-07
1.6000000000e-07
1.5400000000e-07
1.3824000000e-05
2.5000000000e-07
1.5400000000e-07
1.5100000000e-07
9.7270000000e-06
2.1000000000e-07
1.5900000000e-07
1.4800000000e-07
1.6925000000e-05
7.5405000000e-05
4.0800000000e-07
1.7400000000e-07
1.5480000000e-05
2.1500000000e-07
1.6000000000e-07
1.5200000000e-07
1.7063000000e-05
2.0500000000e-07
1.6200000000e-07
1.5400000000e-07
1.3103000000e-05
1.9200000000e-07
1.6000000000e-07
1.5200000000e-07
2.3470000000e-05
7.5345000000e-05
4.2500000000e-07
1.7900000000e-07
1.3865000000e-05
2.1800000000e-07
1.6800000000e-07
1.6800000000e-07
1.0742000000e-05
2.1500000000e-07
1.6200000000e-07
1.6900000000e-07
1.4649000000e-05
2.0500000000e-07
1.6400000000e-07
1.5400000000e-07
1.0049000000e-05
7.5055000000e-05
