isend N: 3200
isend totaltime: 2.2905363000e-02
isend avg: 7.1579259375e-06
isend std-dev: 3.6798568428e-05
----
5.1720000000e-06
5.1500000000e-07
2.8900000000e-07
2.5800000000e-07
2.5800000000e-07
2.6400000000e-07
3.0000000000e-07
2.9700000000e-07
3.0500000000e-07
2.5800000000e-07
2.6100000000e-07
2.6400000000e-07
3.0300000000e-07
3.0200000000e-07
2.7400000000e-07
2.6200000000e-07
2.5800000000e-07
2.5600000000e-07
2.9700000000e-07
2.6300000000e-07
2.9800000000e-07
2.6400000000e-07
2.9500000000e-07
3.0800000000e-07
3.0900000000e-07
2.6000000000e-07
3.0200000000e-07
2.6200000000e-07
3.0300000000e-07
3.4300000000e-07
3.0100000000e-07
1.3702800000e-04
7.6200000000e-07
3.5000000000e-07
3.0500000000e-07
2.8100000000e-07
3.0100000000e-07
3.0600000000e-07
2.6000000000e-07
3.4000000000e-07
3.0100000000e-07
3.0600000000e-07
2.6200000000e-07
2.6200000000e-07
3.0200000000e-07
2.6000000000e-07
3.0100000000e-07
2.6400000000e-07
2.5900000000e-07
3.0700000000e-07
2.8100000000e-07
3.3000000000e-07
2.9700000000e-07
2.6000000000e-07
3.0600000000e-07
2.9700000000e-07
3.0300000000e-07
2.5900000000e-07
2.5300000000e-07
2.6100000000e-07
2.5000000000e-07
3.7900000000e-07
2.9500000000e-07
1.0153100000e-04
6.3300000000e-07
3.1000000000e-07
2.5800000000e-07
2.8200000000e-07
3.0100000000e-07
3.0500000000e-07
3.0500000000e-07
2.6300000000e-07
3.0500000000e-07
3.0600000000e-07
3.0200000000e-07
2.5600000000e-07
2.9900000000e-07
2.5800000000e-07
2.6500000000e-07
3.0700000000e-07
2.6300000000e-07
2.6500000000e-07
3.0500000000e-07
2.6200000000e-07
2.9400000000e-07
2.5800000000e-07
2.6000000000e-07
2.6600000000e-07
3.0400000000e-07
2.6200000000e-07
2.5800000000e-07
2.7900000000e-07
3.0700000000e-07
3.8800000000e-07
3.0000000000e-07
9.5983000000e-05
6.0200000000e-07
3.1000000000e-07
2.5400000000e-07
2.6600000000e-07
3.0100000000e-07
2.7600000000e-07
2.5800000000e-07
3.0600000000e-07
2.9900000000e-07
2.6400000000e-07
3.0000000000e-07
2.6200000000e-07
3.0400000000e-07
3.0400000000e-07
2.5800000000e-07
2.6800000000e-07
3.0000000000e-07
2.6000000000e-07
2.6400000000e-07
2.7500000000e-07
3.3200000000e-07
2.6200000000e-07
2.6400000000e-07
3.4400000000e-07
2.6000000000e-07
2.6000000000e-07
2.6500000000e-07
2.7000000000e-07
2.5900000000e-07
3.2800000000e-07
3.0000000000e-07
9.5010000000e-05
6.2700000000e-07
3.0600000000e-07
2.6600000000e-07
2.6500000000e-07
2.5400000000e-07
2.5600000000e-07
2.6400000000e-07
2.9700000000e-07
2.9800000000e-07
2.6200000000e-07
2.6400000000e-07
2.6500000000e-07
2.6600000000e-07
3.0900000000e-07
2.6100000000e-07
3.0300000000e-07
2.6000000000e-07
2.5400000000e-07
2.9300000000e-07
3.0800000000e-07
2.6200000000e-07
2.5200000000e-07
3.0100000000e-07
2.9800000000e-07
2.9700000000e-07
2.6600000000e-07
3.0300000000e-07
3.1200000000e-07
2.6200000000e-07
3.3600000000e-07
2.9700000000e-07
9.4616000000e-05
6.0800000000e-07
3.0300000000e-07
3.0100000000e-07
2.7700000000e-07
2.5600000000e-07
2.6800000000e-07
2.5700000000e-07
2.9700000000e-07
2.9900000000e-07
3.0400000000e-07
3.1400000000e-07
3.0500000000e-07
2.5600000000e-07
3.0600000000e-07
2.5800000000e-07
3.0700000000e-07
3.1200000000e-07
3.0500000000e-07
3.0100000000e-07
2.6400000000e-07
2.7100000000e-07
3.5200000000e-07
2.6200000000e-07
3.4700000000e-07
2.7000000000e-07
2.6600000000e-07
2.6100000000e-07
2.6000000000e-07
2.6600000000e-07
3.8000000000e-07
3.0100000000e-07
9.4666000000e-05
5.8400000000e-07
3.0400000000e-07
2.6000000000e-07
3.0900000000e-07
3.0200000000e-07
2.6400000000e-07
2.9500000000e-07
3.4000000000e-07
3.0100000000e-07
2.6400000000e-07
2.6000000000e-07
2.6900000000e-07
3.0000000000e-07
3.0300000000e-07
2.5800000000e-07
2.5400000000e-07
2.9700000000e-07
2.6200000000e-07
2.9500000000e-07
2.5600000000e-07
2.5200000000e-07
2.5100000000e-07
3.0000000000e-07
3.4000000000e-07
2.6600000000e-07
2.6500000000e-07
2.5600000000e-07
2.6000000000e-07
2.6200000000e-07
3.8500000000e-07
2.9900000000e-07
9.1580000000e-05
5.5900000000e-07
3.2200000000e-07
2.9300000000e-07
2.5600000000e-07
2.6100000000e-07
2.6000000000e-07
2.5600000000e-07
3.6500000000e-07
2.6000000000e-07
3.0700000000e-07
2.6900000000e-07
2.6000000000e-07
2.6000000000e-07
3.0000000000e-07
2.6000000000e-07
2.6200000000e-07
3.0300000000e-07
3.0600000000e-07
2.5800000000e-07
2.5600000000e-07
2.9900000000e-07
2.6800000000e-07
3.3000000000e-07
3.5800000000e-07
3.0300000000e-07
2.6400000000e-07
2.9900000000e-07
2.6500000000e-07
2.6000000000e-07
3.8300000000e-07
3.0300000000e-07
8.2541000000e-05
6.0500000000e-07
3.1300000000e-07
2.9900000000e-07
2.6400000000e-07
2.5800000000e-07
2.5400000000e-07
3.0000000000e-07
3.4300000000e-07
2.9900000000e-07
2.6000000000e-07
2.5600000000e-07
2.5600000000e-07
3.0100000000e-07
3.0500000000e-07
2.5800000000e-07
2.5600000000e-07
2.5800000000e-07
3.0700000000e-07
2.5900000000e-07
2.5200000000e-07
2.9100000000e-07
2.6600000000e-07
3.0100000000e-07
3.3600000000e-07
3.0300000000e-07
2.5800000000e-07
2.5800000000e-07
2.5500000000e-07
2.9300000000e-07
3.7700000000e-07
3.0100000000e-07
8.2706000000e-05
5.4500000000e-07
3.0800000000e-07
3.0600000000e-07
3.0700000000e-07
2.5400000000e-07
2.5800000000e-07
2.5800000000e-07
3.4400000000e-07
2.5800000000e-07
2.6100000000e-07
2.5800000000e-07
2.6600000000e-07
2.5600000000e-07
3.0500000000e-07
2.6200000000e-07
3.0300000000e-07
2.6200000000e-07
2.6400000000e-07
3.0600000000e-07
3.0300000000e-07
2.5800000000e-07
2.7500000000e-07
2.7200000000e-07
4.2500000000e-07
3.0500000000e-07
2.6200000000e-07
2.5500000000e-07
2.5000000000e-07
2.5800000000e-07
3.5000000000e-07
3.0400000000e-07
8.4143000000e-05
6.0900000000e-07
2.9900000000e-07
3.0100000000e-07
2.6900000000e-07
2.9800000000e-07
3.1300000000e-07
2.6100000000e-07
3.3600000000e-07
3.1900000000e-07
2.6100000000e-07
2.9100000000e-07
2.6000000000e-07
3.0500000000e-07
3.0400000000e-07
2.9900000000e-07
2.6000000000e-07
3.0300000000e-07
2.5900000000e-07
3.1700000000e-07
2.6100000000e-07
3.0100000000e-07
3.0100000000e-07
2.6200000000e-07
3.3800000000e-07
3.0000000000e-07
2.6600000000e-07
2.9100000000e-07
3.0200000000e-07
3.0000000000e-07
3.8500000000e-07
3.0100000000e-07
8.3473000000e-05
5.9800000000e-07
3.1200000000e-07
3.0600000000e-07
2.6400000000e-07
3.0300000000e-07
2.5900000000e-07
2.9900000000e-07
3.4800000000e-07
3.0400000000e-07
3.0500000000e-07
2.8300000000e-07
3.1100000000e-07
2.5700000000e-07
3.0100000000e-07
3.0300000000e-07
3.0500000000e-07
2.5900000000e-07
2.6000000000e-07
2.6600000000e-07
2.6300000000e-07
2.5600000000e-07
3.0500000000e-07
2.6300000000e-07
3.4200000000e-07
3.3800000000e-07
2.6200000000e-07
3.0100000000e-07
2.5800000000e-07
2.9700000000e-07
3.3000000000e-07
2.5200000000e-07
8.3536000000e-05
6.2300000000e-07
3.0700000000e-07
3.0500000000e-07
2.7500000000e-07
3.1800000000e-07
2.5600000000e-07
2.6200000000e-07
3.3900000000e-07
3.0900000000e-07
2.6000000000e-07
2.6900000000e-07
2.5800000000e-07
3.0700000000e-07
3.0400000000e-07
2.6200000000e-07
2.6000000000e-07
2.9700000000e-07
2.6100000000e-07
3.0300000000e-07
3.0500000000e-07
2.5900000000e-07
3.1100000000e-07
2.5800000000e-07
3.8200000000e-07
2.9900000000e-07
3.0700000000e-07
2.6300000000e-07
2.7000000000e-07
2.5900000000e-07
3.8200000000e-07
2.6000000000e-07
2.3767600000e-04
7.0900000000e-07
3.0700000000e-07
2.5700000000e-07
2.7800000000e-07
3.0600000000e-07
2.6400000000e-07
2.6200000000e-07
3.6100000000e-07
2.9900000000e-07
2.6300000000e-07
2.6300000000e-07
3.2200000000e-07
2.6000000000e-07
2.6200000000e-07
2.6400000000e-07
2.5400000000e-07
2.6000000000e-07
2.6200000000e-07
4.8884000000e-05
4.5500000000e-07
2.4200000000e-07
1.6800000000e-07
7.6130000000e-06
2.1800000000e-07
1.6100000000e-07
1.4600000000e-07
1.7923000000e-05
2.7300000000e-07
1.7200000000e-07
1.7200000000e-07
6.6830000000e-06
7.9622000000e-05
5.2900000000e-07
2.0100000000e-07
1.2103000000e-05
2.6400000000e-07
1.6600000000e-07
1.7000000000e-07
1.5046000000e-05
2.4100000000e-07
1.4800000000e-07
1.5400000000e-07
1.6684000000e-05
2.3100000000e-07
1.8600000000e-07
1.7000000000e-07
1.2689000000e-05
1.9300000000e-07
1.5200000000e-07
1.5500000000e-07
1.1034000000e-05
2.4600000000e-07
1.6600000000e-07
1.5200000000e-07
6.8820000000e-06
2.3000000000e-07
1.6200000000e-07
1.5100000000e-07
1.6589000000e-05
2.2600000000e-07
1.5700000000e-07
1.5000000000e-07
1.2716000000e-05
7.9346000000e-05
5.2200000000e-07
2.3900000000e-07
1.9167000000e-05
2.7300000000e-07
1.4900000000e-07
1.5000000000e-07
1.2906000000e-05
1.8400000000e-07
1.6400000000e-07
1.4700000000e-07
1.0147000000e-05
1.9900000000e-07
1.5400000000e-07
1.6300000000e-07
6.1970000000e-06
2.0900000000e-07
1.5300000000e-07
1.4800000000e-07
1.7001000000e-05
2.1700000000e-07
1.5400000000e-07
1.4500000000e-07
1.2902000000e-05
2.2900000000e-07
1.6200000000e-07
1.5000000000e-07
1.6605000000e-05
2.1400000000e-07
1.5600000000e-07
1.5000000000e-07
7.7930000000e-06
7.8030000000e-05
4.7100000000e-07
1.8200000000e-07
1.7427000000e-05
2.1100000000e-07
1.5200000000e-07
1.7400000000e-07
1.2681000000e-05
1.9500000000e-07
1.4500000000e-07
1.5800000000e-07
1.0195000000e-05
1.9700000000e-07
1.5500000000e-07
1.5900000000e-07
1.2665000000e-05
2.0100000000e-07
1.7600000000e-07
1.5400000000e-07
2.3085000000e-05
2.4800000000e-07
1.7000000000e-07
1.7900000000e-07
9.5860000000e-06
1.9900000000e-07
1.5200000000e-07
1.4900000000e-07
1.2323000000e-05
2.1900000000e-07
1.5000000000e-07
2.4200000000e-07
6.2340000000e-06
7.8848000000e-05
4.4300000000e-07
1.7400000000e-07
1.4275000000e-05
2.3300000000e-07
1.4800000000e-07
1.4900000000e-07
1.2743000000e-05
2.0100000000e-07
1.5100000000e-07
1.5000000000e-07
1.6710000000e-05
2.0900000000e-07
1.5200000000e-07
1.5500000000e-07
1.2730000000e-05
2.1700000000e-07
1.6800000000e-07
1.5400000000e-07
1.7228000000e-05
2.3000000000e-07
1.5600000000e-07
1.4800000000e-07
1.4273000000e-05
2.3700000000e-07
1.5200000000e-07
1.4700000000e-07
1.6579000000e-05
2.3400000000e-07
1.5600000000e-07
1.5400000000e-07
9.6050000000e-06
7.9544000000e-05
4.1800000000e-07
1.7400000000e-07
1.4478000000e-05
2.3300000000e-07
1.5200000000e-07
1.7400000000e-07
1.2685000000e-05
1.9100000000e-07
1.5000000000e-07
1.5400000000e-07
1.3451000000e-05
2.3400000000e-07
1.5500000000e-07
1.5200000000e-07
9.6260000000e-06
1.9200000000e-07
1.7500000000e-07
1.5400000000e-07
1.5101000000e-05
2.2100000000e-07
1.5200000000e-07
1.4900000000e-07
9.4270000000e-06
1.9500000000e-07
1.6800000000e-07
1.5100000000e-07
1.6458000000e-05
2.0900000000e-07
1.5300000000e-07
1.5600000000e-07
1.2740000000e-05
7.9368000000e-05
4.8200000000e-07
1.7800000000e-07
1.4376000000e-05
2.1300000000e-07
1.5000000000e-07
1.5300000000e-07
9.6730000000e-06
2.2500000000e-07
1.5300000000e-07
1.5400000000e-07
1.3136000000e-05
2.3600000000e-07
1.5200000000e-07
1.5300000000e-07
1.4190000000e-05
2.2300000000e-07
1.5600000000e-07
1.6800000000e-07
9.0450000000e-06
2.0800000000e-07
1.5300000000e-07
1.5000000000e-07
1.6494000000e-05
2.2100000000e-07
1.5400000000e-07
1.5500000000e-07
1.2743000000e-05
2.2500000000e-07
1.5000000000e-07
1.5000000000e-07
1.6289000000e-05
7.9635000000e-05
4.6000000000e-07
1.7600000000e-07
1.3710000000e-05
2.0700000000e-07
1.4900000000e-07
1.5500000000e-07
1.1892000000e-05
1.9900000000e-07
1.5200000000e-07
1.5500000000e-07
1.2752000000e-05
1.8800000000e-07
1.5600000000e-07
1.6000000000e-07
1.0246000000e-05
2.2000000000e-07
2.4800000000e-07
1.5100000000e-07
1.2697000000e-05
1.8200000000e-07
1.4800000000e-07
1.6400000000e-07
1.6226000000e-05
2.1300000000e-07
1.4800000000e-07
1.4900000000e-07
1.3063000000e-05
1.9900000000e-07
1.5000000000e-07
1.5000000000e-07
1.6168000000e-05
7.8965000000e-05
4.6700000000e-07
1.9300000000e-07
1.5296000000e-05
2.4400000000e-07
1.5200000000e-07
1.4900000000e-07
1.7031000000e-05
2.6400000000e-07
1.6100000000e-07
1.5800000000e-07
1.2749000000e-05
2.3200000000e-07
1.5300000000e-07
1.4400000000e-07
1.0113000000e-05
2.2600000000e-07
1.4900000000e-07
1.5400000000e-07
1.3515000000e-05
2.0100000000e-07
1.4800000000e-07
1.5300000000e-07
1.6745000000e-05
2.2200000000e-07
1.5500000000e-07
1.4600000000e-07
6.5700000000e-06
1.7900000000e-07
1.4900000000e-07
1.5500000000e-07
1.7966000000e-05
7.7698000000e-05
4.4300000000e-07
1.7800000000e-07
1.3726000000e-05
2.0700000000e-07
1.5200000000e-07
1.5400000000e-07
1.6774000000e-05
2.0700000000e-07
1.5200000000e-07
1.5400000000e-07
1.2812000000e-05
1.9600000000e-07
1.5100000000e-07
1.5000000000e-07
2.3158000000e-05
2.3400000000e-07
2.3300000000e-07
1.6000000000e-07
1.2759000000e-05
1.9900000000e-07
1.5200000000e-07
1.6300000000e-07
1.6699000000e-05
2.3000000000e-07
1.5300000000e-07
1.5100000000e-07
1.1078000000e-05
2.2600000000e-07
1.5000000000e-07
1.6600000000e-07
1.3279000000e-05
7.8469000000e-05
4.7400000000e-07
1.7600000000e-07
1.3644000000e-05
2.0700000000e-07
1.5200000000e-07
1.4700000000e-07
1.6772000000e-05
2.3200000000e-07
1.7000000000e-07
1.5000000000e-07
9.4890000000e-06
2.1500000000e-07
1.5200000000e-07
1.4700000000e-07
1.3647000000e-05
2.0900000000e-07
1.7400000000e-07
1.5400000000e-07
1.2615000000e-05
2.0300000000e-07
1.5700000000e-07
1.6800000000e-07
1.4829000000e-05
2.0700000000e-07
1.5200000000e-07
1.5100000000e-07
9.5860000000e-06
1.8500000000e-07
1.4900000000e-07
1.5000000000e-07
1.6495000000e-05
8.1194000000e-05
4.4300000000e-07
1.7400000000e-07
1.3615000000e-05
2.0100000000e-07
1.5200000000e-07
1.5200000000e-07
1.6787000000e-05
2.1300000000e-07
1.5300000000e-07
1.5000000000e-07
1.3015000000e-05
2.1700000000e-07
1.4800000000e-07
1.5200000000e-07
1.6499000000e-05
2.2400000000e-07
2.4000000000e-07
1.5300000000e-07
1.4439000000e-05
2.1500000000e-07
1.5000000000e-07
1.5700000000e-07
1.6388000000e-05
2.0700000000e-07
1.5900000000e-07
1.5600000000e-07
1.2873000000e-05
1.9400000000e-07
1.5800000000e-07
1.6200000000e-07
1.6566000000e-05
7.7573000000e-05
4.5500000000e-07
1.7000000000e-07
1.0343000000e-05
1.9500000000e-07
1.5100000000e-07
1.5000000000e-07
1.0490000000e-05
2.0700000000e-07
1.7000000000e-07
1.5300000000e-07
9.5030000000e-06
2.0700000000e-07
1.5000000000e-07
1.5300000000e-07
2.4423000000e-05
2.3500000000e-07
1.4800000000e-07
1.4800000000e-07
1.2769000000e-05
2.1900000000e-07
1.6000000000e-07
1.5800000000e-07
1.0404000000e-05
2.6000000000e-07
1.4900000000e-07
1.4600000000e-07
1.2867000000e-05
2.1300000000e-07
1.8300000000e-07
1.5600000000e-07
1.6734000000e-05
7.7507000000e-05
4.3500000000e-07
1.9500000000e-07
1.3656000000e-05
1.9800000000e-07
1.5000000000e-07
1.5000000000e-07
1.8365000000e-05
2.0500000000e-07
1.6600000000e-07
1.5400000000e-07
1.3079000000e-05
2.0100000000e-07
1.5300000000e-07
1.6000000000e-07
1.6495000000e-05
2.4000000000e-07
2.1100000000e-07
1.5000000000e-07
9.6780000000e-06
2.3400000000e-07
1.5000000000e-07
1.6000000000e-07
1.3308000000e-05
2.1500000000e-07
1.5600000000e-07
1.4900000000e-07
1.2689000000e-05
2.1300000000e-07
1.4900000000e-07
1.5200000000e-07
1.6306000000e-05
8.0083000000e-05
4.4700000000e-07
1.7600000000e-07
1.5153000000e-05
2.0300000000e-07
1.5100000000e-07
1.5200000000e-07
1.6732000000e-05
1.9500000000e-07
1.5600000000e-07
1.5400000000e-07
1.2715000000e-05
2.2500000000e-07
1.5100000000e-07
1.5300000000e-07
1.6700000000e-05
2.0700000000e-07
1.5600000000e-07
1.5300000000e-07
1.3051000000e-05
2.0300000000e-07
1.5000000000e-07
1.4600000000e-07
1.6590000000e-05
2.1900000000e-07
1.5400000000e-07
1.5300000000e-07
1.2874000000e-05
2.0700000000e-07
1.5200000000e-07
1.5300000000e-07
1.7987000000e-05
7.7391000000e-05
4.2400000000e-07
1.7000000000e-07
7.1910000000e-06
2.2100000000e-07
1.5000000000e-07
1.5000000000e-07
1.0457000000e-05
2.1100000000e-07
1.5000000000e-07
1.5000000000e-07
2.2396000000e-05
2.3600000000e-07
1.5200000000e-07
1.5300000000e-07
1.3128000000e-05
2.2000000000e-07
1.4800000000e-07
1.5600000000e-07
1.3033000000e-05
2.4400000000e-07
1.5000000000e-07
1.5400000000e-07
9.5760000000e-06
2.1100000000e-07
1.6400000000e-07
1.4800000000e-07
1.7898000000e-05
2.0500000000e-07
1.5000000000e-07
1.5700000000e-07
1.2831000000e-05
7.8065000000e-05
4.6500000000e-07
1.8100000000e-07
1.7730000000e-05
2.2000000000e-07
1.5500000000e-07
1.5000000000e-07
9.5580000000e-06
2.0700000000e-07
1.5000000000e-07
1.5100000000e-07
1.3462000000e-05
1.9900000000e-07
8.5690100000e-04
3.7300000000e-07
1.4767000000e-05
2.0700000000e-07
1.5100000000e-07
2.1400000000e-07
1.7457000000e-05
2.1100000000e-07
1.5300000000e-07
1.6500000000e-07
1.2873000000e-05
2.1100000000e-07
1.5200000000e-07
1.5200000000e-07
1.6524000000e-05
2.0300000000e-07
1.5400000000e-07
1.5300000000e-07
1.2755000000e-05
7.9987000000e-05
4.8300000000e-07
1.6000000000e-07
1.4495000000e-05
2.0700000000e-07
1.6400000000e-07
1.5100000000e-07
1.3150000000e-05
1.8600000000e-07
1.6600000000e-07
1.5300000000e-07
1.4858000000e-05
2.1700000000e-07
1.6400000000e-07
1.4800000000e-07
9.5490000000e-06
1.8300000000e-07
1.4900000000e-07
1.5200000000e-07
1.3267000000e-05
2.2200000000e-07
1.5500000000e-07
1.5600000000e-07
9.4330000000e-06
2.0100000000e-07
1.6400000000e-07
1.5300000000e-07
1.6278000000e-05
2.0900000000e-07
1.6200000000e-07
1.5400000000e-07
1.2912000000e-05
7.7380000000e-05
4.7500000000e-07
1.7200000000e-07
1.7474000000e-05
2.0900000000e-07
1.4700000000e-07
1.5200000000e-07
1.4236000000e-05
2.0900000000e-07
1.5300000000e-07
1.5200000000e-07
1.6365000000e-05
2.2100000000e-07
1.4800000000e-07
1.4900000000e-07
9.4990000000e-06
2.0900000000e-07
1.5300000000e-07
1.5000000000e-07
1.3138000000e-05
2.3600000000e-07
1.5200000000e-07
1.5700000000e-07
9.6040000000e-06
1.9400000000e-07
1.5600000000e-07
1.5200000000e-07
1.3125000000e-05
2.2900000000e-07
1.5000000000e-07
1.4900000000e-07
1.2822000000e-05
7.7239000000e-05
4.6300000000e-07
1.8500000000e-07
1.3015000000e-05
2.3000000000e-07
1.5300000000e-07
1.5000000000e-07
1.2843000000e-05
1.9900000000e-07
1.4900000000e-07
1.5000000000e-07
9.8940000000e-06
2.1700000000e-07
1.5600000000e-07
1.5100000000e-07
1.2745000000e-05
2.0100000000e-07
1.5100000000e-07
1.5000000000e-07
1.6197000000e-05
2.2500000000e-07
1.5200000000e-07
1.6600000000e-07
6.5390000000e-06
2.3200000000e-07
1.5100000000e-07
1.4900000000e-07
9.7830000000e-06
2.0300000000e-07
1.5000000000e-07
1.5200000000e-07
1.0990000000e-05
7.7399000000e-05
4.4500000000e-07
1.8000000000e-07
1.7650000000e-05
2.1300000000e-07
1.4800000000e-07
1.5200000000e-07
1.2850000000e-05
1.9600000000e-07
1.5800000000e-07
1.6400000000e-07
1.6700000000e-05
2.3800000000e-07
1.5400000000e-07
1.4800000000e-07
1.2857000000e-05
2.4000000000e-07
1.4600000000e-07
1.5800000000e-07
1.6461000000e-05
2.0700000000e-07
1.5400000000e-07
1.5800000000e-07
1.2806000000e-05
2.1500000000e-07
1.5200000000e-07
1.5200000000e-07
1.8037000000e-05
2.2700000000e-07
1.4800000000e-07
1.6100000000e-07
1.2711000000e-05
7.7151000000e-05
4.3300000000e-07
1.7800000000e-07
1.7833000000e-05
2.2200000000e-07
1.5300000000e-07
1.5000000000e-07
1.2865000000e-05
1.9900000000e-07
1.4800000000e-07
1.6600000000e-07
2.2587000000e-05
2.5000000000e-07
1.5600000000e-07
1.5200000000e-07
1.2548000000e-05
2.0500000000e-07
1.5600000000e-07
1.5000000000e-07
1.8310000000e-05
2.0900000000e-07
1.5800000000e-07
1.5200000000e-07
1.2605000000e-05
1.8800000000e-07
1.5400000000e-07
1.5600000000e-07
1.6589000000e-05
2.3500000000e-07
1.5000000000e-07
1.5400000000e-07
1.2517000000e-05
7.7530000000e-05
4.4100000000e-07
1.7800000000e-07
1.4620000000e-05
2.1500000000e-07
1.4800000000e-07
1.5400000000e-07
1.2994000000e-05
1.9100000000e-07
1.5000000000e-07
1.5300000000e-07
1.6968000000e-05
2.1300000000e-07
1.5300000000e-07
1.5000000000e-07
1.4306000000e-05
2.1600000000e-07
1.5900000000e-07
1.5000000000e-07
1.3574000000e-05
2.2600000000e-07
1.4700000000e-07
1.5500000000e-07
6.2950000000e-06
1.9300000000e-07
1.5200000000e-07
1.5800000000e-07
1.3128000000e-05
2.1500000000e-07
1.4800000000e-07
1.5500000000e-07
1.2835000000e-05
7.7637000000e-05
4.4900000000e-07
1.7400000000e-07
1.7509000000e-05
2.5000000000e-07
1.5800000000e-07
1.5400000000e-07
1.2851000000e-05
2.1500000000e-07
1.5400000000e-07
1.6400000000e-07
1.1461000000e-05
2.1100000000e-07
1.5000000000e-07
1.5500000000e-07
6.2910000000e-06
2.0300000000e-07
1.5700000000e-07
1.5400000000e-07
1.6234000000e-05
2.2500000000e-07
1.6600000000e-07
1.5600000000e-07
1.2714000000e-05
2.0500000000e-07
1.6200000000e-07
1.7000000000e-07
1.6570000000e-05
2.2700000000e-07
1.5200000000e-07
1.5300000000e-07
1.2743000000e-05
7.6780000000e-05
4.4600000000e-07
1.7600000000e-07
1.7599000000e-05
2.1100000000e-07
1.5600000000e-07
1.7000000000e-07
2.4118000000e-05
2.4000000000e-07
1.4900000000e-07
1.5400000000e-07
1.2636000000e-05
1.9500000000e-07
1.5400000000e-07
1.5100000000e-07
1.6634000000e-05
2.3900000000e-07
1.6200000000e-07
1.7400000000e-07
1.3048000000e-05
2.3000000000e-07
1.6600000000e-07
1.4700000000e-07
1.6509000000e-05
2.2700000000e-07
1.4800000000e-07
1.5500000000e-07
1.2798000000e-05
2.1700000000e-07
1.5100000000e-07
1.5400000000e-07
1.6816000000e-05
7.7481000000e-05
4.7100000000e-07
1.7900000000e-07
1.2279000000e-05
2.2000000000e-07
1.5100000000e-07
1.5000000000e-07
1.3543000000e-05
1.9700000000e-07
1.5100000000e-07
1.5400000000e-07
1.2808000000e-05
2.0100000000e-07
1.5200000000e-07
1.5000000000e-07
9.9330000000e-06
2.0900000000e-07
1.5100000000e-07
1.5900000000e-07
1.2677000000e-05
2.5600000000e-07
1.5200000000e-07
1.5000000000e-07
9.7620000000e-06
2.2300000000e-07
1.5000000000e-07
1.5500000000e-07
1.2751000000e-05
2.2200000000e-07
1.5400000000e-07
1.4800000000e-07
1.7816000000e-05
7.6942000000e-05
4.2600000000e-07
1.8300000000e-07
1.3918000000e-05
2.1300000000e-07
1.5200000000e-07
1.4900000000e-07
1.6843000000e-05
2.1600000000e-07
1.4800000000e-07
1.4600000000e-07
1.2828000000e-05
2.1000000000e-07
1.5600000000e-07
1.5400000000e-07
1.6415000000e-05
2.1700000000e-07
1.5600000000e-07
1.5100000000e-07
1.2968000000e-05
2.1900000000e-07
1.5300000000e-07
1.5200000000e-07
1.6402000000e-05
2.2700000000e-07
1.5400000000e-07
1.5300000000e-07
1.4503000000e-05
2.3400000000e-07
1.6400000000e-07
1.5000000000e-07
1.6695000000e-05
7.6784000000e-05
4.5700000000e-07
1.7000000000e-07
1.3654000000e-05
1.9700000000e-07
1.5200000000e-07
1.5300000000e-07
2.2864000000e-05
2.4400000000e-07
1.5000000000e-07
1.4900000000e-07
1.2692000000e-05
2.0500000000e-07
1.4900000000e-07
1.5000000000e-07
1.6458000000e-05
2.3600000000e-07
1.5100000000e-07
1.5000000000e-07
1.4435000000e-05
2.0400000000e-07
1.4600000000e-07
1.5400000000e-07
1.6556000000e-05
2.1500000000e-07
1.5800000000e-07
1.5600000000e-07
1.2675000000e-05
2.2300000000e-07
1.4800000000e-07
1.4700000000e-07
1.6448000000e-05
7.8073000000e-05
4.4300000000e-07
1.8000000000e-07
7.3080000000e-06
2.1500000000e-07
1.5900000000e-07
1.4800000000e-07
1.6788000000e-05
2.2100000000e-07
1.6000000000e-07
1.6800000000e-07
1.2663000000e-05
1.8800000000e-07
1.5300000000e-07
1.5000000000e-07
1.7995000000e-05
2.2500000000e-07
1.5400000000e-07
1.5100000000e-07
1.2922000000e-05
2.3200000000e-07
1.7200000000e-07
1.5000000000e-07
1.6757000000e-05
2.1700000000e-07
1.7200000000e-07
1.7500000000e-07
1.2766000000e-05
2.5000000000e-07
1.5200000000e-07
1.5200000000e-07
1.3419000000e-05
7.6913000000e-05
4.5500000000e-07
1.7800000000e-07
7.5060000000e-06
2.2300000000e-07
1.5000000000e-07
1.5300000000e-07
1.6688000000e-05
1.9500000000e-07
1.4900000000e-07
1.5600000000e-07
1.4224000000e-05
2.0300000000e-07
1.5200000000e-07
1.4800000000e-07
1.6361000000e-05
2.2100000000e-07
1.4400000000e-07
1.5800000000e-07
1.2912000000e-05
2.2400000000e-07
1.5500000000e-07
1.4800000000e-07
1.6322000000e-05
2.1300000000e-07
1.5400000000e-07
1.5400000000e-07
1.2641000000e-05
2.0700000000e-07
1.4700000000e-07
1.4800000000e-07
9.8140000000e-06
7.8731000000e-05
4.5500000000e-07
1.7900000000e-07
1.0119000000e-05
2.0300000000e-07
1.5800000000e-07
1.5400000000e-07
2.1164000000e-05
2.2700000000e-07
1.6800000000e-07
1.5800000000e-07
1.2746000000e-05
1.9400000000e-07
1.5000000000e-07
1.5200000000e-07
1.0133000000e-05
2.2300000000e-07
1.5400000000e-07
1.5100000000e-07
6.3430000000e-06
2.3600000000e-07
1.5800000000e-07
1.5300000000e-07
1.6317000000e-05
2.2600000000e-07
1.5100000000e-07
1.5200000000e-07
6.7230000000e-06
2.0900000000e-07
1.5300000000e-07
1.5000000000e-07
9.8750000000e-06
7.7204000000e-05
5.6600000000e-07
1.7800000000e-07
1.5288000000e-05
2.0500000000e-07
1.7400000000e-07
1.6400000000e-07
1.6755000000e-05
1.9900000000e-07
1.5400000000e-07
1.5100000000e-07
9.5010000000e-06
2.0900000000e-07
1.5200000000e-07
1.5500000000e-07
1.3327000000e-05
2.4400000000e-07
1.4800000000e-07
1.5500000000e-07
1.2663000000e-05
2.2300000000e-07
1.5200000000e-07
1.5600000000e-07
1.6345000000e-05
2.3800000000e-07
1.5600000000e-07
1.5300000000e-07
1.2964000000e-05
2.2000000000e-07
1.7400000000e-07
1.5600000000e-07
1.8105000000e-05
7.7207000000e-05
4.3900000000e-07
1.6600000000e-07
1.3669000000e-05
1.9700000000e-07
1.6000000000e-07
1.4900000000e-07
1.7030000000e-05
2.3000000000e-07
1.5300000000e-07
1.5400000000e-07
6.7490000000e-06
2.0900000000e-07
8.5404900000e-04
3.7300000000e-07
1.3662000000e-05
2.1100000000e-07
1.5100000000e-07
1.5600000000e-07
1.5216000000e-05
2.0900000000e-07
1.5000000000e-07
1.5000000000e-07
1.6644000000e-05
2.1700000000e-07
1.5600000000e-07
1.5000000000e-07
1.2823000000e-05
2.1900000000e-07
1.5200000000e-07
1.7000000000e-07
1.3191000000e-05
7.8987000000e-05
4.3400000000e-07
1.8700000000e-07
1.3557000000e-05
2.0300000000e-07
1.5100000000e-07
1.5000000000e-07
2.2675000000e-05
2.2100000000e-07
1.4600000000e-07
1.5300000000e-07
1.2796000000e-05
2.0900000000e-07
1.5400000000e-07
1.5200000000e-07
1.8328000000e-05
2.2100000000e-07
1.6000000000e-07
1.5600000000e-07
1.2676000000e-05
1.9600000000e-07
1.4700000000e-07
1.5800000000e-07
1.0377000000e-05
2.3800000000e-07
1.5800000000e-07
1.5200000000e-07
1.2660000000e-05
2.2600000000e-07
1.4900000000e-07
1.4600000000e-07
1.0257000000e-05
7.9790000000e-05
4.6900000000e-07
1.6000000000e-07
1.3621000000e-05
2.2000000000e-07
1.5100000000e-07
1.5000000000e-07
1.6863000000e-05
2.1300000000e-07
1.5100000000e-07
1.5000000000e-07
1.4509000000e-05
2.0500000000e-07
1.5400000000e-07
1.4700000000e-07
1.6460000000e-05
2.3200000000e-07
1.5000000000e-07
1.5300000000e-07
1.2866000000e-05
2.1500000000e-07
1.5400000000e-07
1.6600000000e-07
1.6570000000e-05
2.1600000000e-07
1.5500000000e-07
1.6000000000e-07
1.2718000000e-05
2.0900000000e-07
1.5400000000e-07
1.5200000000e-07
1.3057000000e-05
8.0542000000e-05
4.1800000000e-07
1.7600000000e-07
1.0363000000e-05
1.8500000000e-07
1.5300000000e-07
1.4800000000e-07
1.8456000000e-05
2.1300000000e-07
1.5200000000e-07
1.6000000000e-07
6.3890000000e-06
2.1300000000e-07
1.5000000000e-07
1.4600000000e-07
1.0131000000e-05
2.4000000000e-07
1.5000000000e-07
1.5400000000e-07
1.2705000000e-05
1.9900000000e-07
1.5100000000e-07
1.5200000000e-07
1.6599000000e-05
2.1500000000e-07
1.5700000000e-07
1.5600000000e-07
1.2724000000e-05
1.8700000000e-07
1.5200000000e-07
1.6300000000e-07
1.6631000000e-05
7.9788000000e-05
4.3500000000e-07
1.8200000000e-07
1.9144000000e-05
2.4200000000e-07
1.5100000000e-07
1.5000000000e-07
1.2693000000e-05
2.3000000000e-07
1.5400000000e-07
1.7200000000e-07
1.6330000000e-05
1.9700000000e-07
1.5500000000e-07
1.5200000000e-07
1.2947000000e-05
2.2000000000e-07
1.5700000000e-07
1.5000000000e-07
1.6618000000e-05
2.0700000000e-07
1.5300000000e-07
1.6400000000e-07
6.3540000000e-06
2.0100000000e-07
1.5000000000e-07
1.5400000000e-07
1.4824000000e-05
2.3100000000e-07
1.5200000000e-07
1.5200000000e-07
1.2729000000e-05
8.0788000000e-05
4.4500000000e-07
1.8800000000e-07
1.4230000000e-05
2.0700000000e-07
1.5500000000e-07
1.5000000000e-07
9.6540000000e-06
2.0900000000e-07
1.5100000000e-07
1.5200000000e-07
1.6482000000e-05
2.2800000000e-07
1.8400000000e-07
1.6800000000e-07
1.2728000000e-05
2.2300000000e-07
1.5100000000e-07
1.5300000000e-07
1.6591000000e-05
2.0900000000e-07
1.5800000000e-07
1.4800000000e-07
1.4258000000e-05
2.1900000000e-07
1.5200000000e-07
1.8000000000e-07
1.6568000000e-05
2.0200000000e-07
1.5200000000e-07
1.7600000000e-07
6.6630000000e-06
8.0253000000e-05
4.8500000000e-07
1.7500000000e-07
1.7740000000e-05
2.0800000000e-07
1.4600000000e-07
1.6600000000e-07
9.4700000000e-06
1.9500000000e-07
1.5600000000e-07
1.5500000000e-07
1.3462000000e-05
2.3800000000e-07
1.5200000000e-07
1.4900000000e-07
9.5520000000e-06
2.1800000000e-07
1.5100000000e-07
1.5400000000e-07
1.1904000000e-05
2.1100000000e-07
1.5300000000e-07
1.5200000000e-07
9.4630000000e-06
2.2100000000e-07
1.4900000000e-07
1.5100000000e-07
1.6878000000e-05
2.0300000000e-07
1.5200000000e-07
1.4900000000e-07
1.2761000000e-05
8.1484000000e-05
4.4200000000e-07
1.5800000000e-07
2.3698000000e-05
2.3400000000e-07
1.6600000000e-07
1.5200000000e-07
1.2748000000e-05
2.0700000000e-07
1.5200000000e-07
1.5000000000e-07
1.3509000000e-05
2.3100000000e-07
1.5000000000e-07
1.5000000000e-07
1.1108000000e-05
2.0100000000e-07
1.4900000000e-07
1.5000000000e-07
1.6242000000e-05
2.3500000000e-07
1.5600000000e-07
1.5600000000e-07
1.2597000000e-05
2.0700000000e-07
1.5100000000e-07
1.5000000000e-07
1.6435000000e-05
2.1000000000e-07
1.5500000000e-07
1.6000000000e-07
1.2699000000e-05
7.9077000000e-05
4.1800000000e-07
1.6800000000e-07
1.7388000000e-05
2.6000000000e-07
1.5400000000e-07
1.5300000000e-07
1.2800000000e-05
1.8900000000e-07
1.5100000000e-07
1.5600000000e-07
1.8122000000e-05
2.1300000000e-07
1.5000000000e-07
1.5100000000e-07
1.2685000000e-05
2.0900000000e-07
1.5300000000e-07
1.5400000000e-07
1.6671000000e-05
2.2800000000e-07
1.4700000000e-07
1.5200000000e-07
9.5840000000e-06
2.1500000000e-07
1.4700000000e-07
1.5200000000e-07
1.6251000000e-05
2.0100000000e-07
1.5300000000e-07
1.5400000000e-07
1.2712000000e-05
7.0737000000e-05
4.4300000000e-07
1.8400000000e-07
1.1031000000e-05
1.9900000000e-07
1.5300000000e-07
1.6200000000e-07
1.4357000000e-05
2.1100000000e-07
1.5500000000e-07
1.5400000000e-07
1.6445000000e-05
2.0900000000e-07
1.5400000000e-07
1.5100000000e-07
1.2870000000e-05
2.1300000000e-07
1.5800000000e-07
1.4900000000e-07
1.6517000000e-05
2.2300000000e-07
1.5200000000e-07
1.5300000000e-07
1.2774000000e-05
1.9900000000e-07
1.5500000000e-07
1.5400000000e-07
1.6322000000e-05
2.2300000000e-07
1.5400000000e-07
1.5200000000e-07
9.5480000000e-06
8.2434000000e-05
5.1500000000e-07
1.6400000000e-07
2.5523000000e-05
2.4600000000e-07
1.5700000000e-07
1.5400000000e-07
1.2788000000e-05
2.0300000000e-07
1.4900000000e-07
1.5800000000e-07
1.6872000000e-05
2.0300000000e-07
1.5300000000e-07
1.5400000000e-07
1.3085000000e-05
1.9900000000e-07
1.5400000000e-07
1.5500000000e-07
1.6323000000e-05
2.3800000000e-07
1.4900000000e-07
1.5400000000e-07
9.4680000000e-06
2.0300000000e-07
1.5400000000e-07
1.6800000000e-07
1.1512000000e-05
2.5800000000e-07
1.4500000000e-07
1.5100000000e-07
9.9470000000e-06
7.9733000000e-05
4.4500000000e-07
1.7800000000e-07
1.7357000000e-05
2.2700000000e-07
1.5000000000e-07
1.5300000000e-07
1.2794000000e-05
1.9900000000e-07
1.5400000000e-07
1.5000000000e-07
1.6769000000e-05
2.3300000000e-07
1.5400000000e-07
1.4700000000e-07
1.2771000000e-05
2.0500000000e-07
1.4900000000e-07
1.5000000000e-07
1.6492000000e-05
2.1100000000e-07
1.5300000000e-07
1.5200000000e-07
1.4370000000e-05
2.2700000000e-07
1.5200000000e-07
1.5100000000e-07
1.3545000000e-05
2.4000000000e-07
1.5000000000e-07
1.5400000000e-07
9.5700000000e-06
7.9880000000e-05
4.5700000000e-07
1.8600000000e-07
1.7663000000e-05
2.2600000000e-07
1.6800000000e-07
1.5500000000e-07
1.2770000000e-05
1.9800000000e-07
1.5800000000e-07
1.5600000000e-07
1.6612000000e-05
2.1100000000e-07
1.5300000000e-07
1.4600000000e-07
6.5880000000e-06
1.9100000000e-07
1.5200000000e-07
1.5300000000e-07
1.1736000000e-05
2.5400000000e-07
1.5900000000e-07
1.5700000000e-07
1.2642000000e-05
2.0900000000e-07
1.5000000000e-07
1.4800000000e-07
1.6431000000e-05
2.0900000000e-07
1.5200000000e-07
1.5600000000e-07
2.2702000000e-05
8.1864000000e-05
4.2900000000e-07
1.5600000000e-07
1.3539000000e-05
2.0900000000e-07
1.5000000000e-07
1.5600000000e-07
1.6783000000e-05
2.0900000000e-07
1.4200000000e-07
1.5300000000e-07
9.6030000000e-06
1.8600000000e-07
1.5200000000e-07
1.6000000000e-07
1.4712000000e-05
2.0800000000e-07
1.6000000000e-07
1.5500000000e-07
9.5230000000e-06
2.0800000000e-07
1.5300000000e-07
1.5400000000e-07
1.3412000000e-05
2.2300000000e-07
1.6000000000e-07
1.5300000000e-07
1.2787000000e-05
2.1100000000e-07
1.4800000000e-07
1.5400000000e-07
1.6363000000e-05
8.0954000000e-05
4.7500000000e-07
1.9500000000e-07
1.3652000000e-05
2.0900000000e-07
1.5200000000e-07
1.5400000000e-07
1.6744000000e-05
2.1300000000e-07
1.5100000000e-07
1.6300000000e-07
1.4306000000e-05
2.0200000000e-07
1.5600000000e-07
1.5200000000e-07
1.6943000000e-05
2.3900000000e-07
1.5000000000e-07
1.5200000000e-07
1.2742000000e-05
2.0900000000e-07
1.8100000000e-07
1.5800000000e-07
1.3423000000e-05
2.2600000000e-07
1.5400000000e-07
1.5100000000e-07
6.3220000000e-06
2.2300000000e-07
1.4800000000e-07
1.5800000000e-07
1.3247000000e-05
8.2832000000e-05
4.6300000000e-07
1.7500000000e-07
1.0574000000e-05
1.9500000000e-07
1.5100000000e-07
1.5200000000e-07
1.8482000000e-05
2.0500000000e-07
1.7000000000e-07
1.5300000000e-07
1.2736000000e-05
2.2700000000e-07
1.5000000000e-07
1.5100000000e-07
1.6857000000e-05
2.3200000000e-07
1.4900000000e-07
1.5400000000e-07
1.2755000000e-05
2.0700000000e-07
1.7200000000e-07
1.5600000000e-07
1.7222000000e-05
2.1700000000e-07
1.5000000000e-07
1.5000000000e-07
1.2711000000e-05
1.8900000000e-07
1.5500000000e-07
1.5200000000e-07
2.0981000000e-05
8.2489000000e-05
4.5500000000e-07
1.7200000000e-07
1.3617000000e-05
2.1200000000e-07
1.4700000000e-07
1.4800000000e-07
1.6581000000e-05
2.1500000000e-07
1.5800000000e-07
1.5300000000e-07
1.3124000000e-05
2.1900000000e-07
8.2173800000e-04
3.7600000000e-07
1.3823000000e-05
2.2800000000e-07
1.5100000000e-07
1.6000000000e-07
6.7180000000e-06
2.1300000000e-07
1.5000000000e-07
1.4700000000e-07
1.1804000000e-05
2.2600000000e-07
1.5100000000e-07
1.5600000000e-07
1.2626000000e-05
2.0300000000e-07
1.4900000000e-07
1.5000000000e-07
1.6458000000e-05
8.6953000000e-05
4.6700000000e-07
1.7600000000e-07
7.4190000000e-06
2.2700000000e-07
1.5200000000e-07
1.5400000000e-07
1.0615000000e-05
2.3600000000e-07
1.5000000000e-07
1.5400000000e-07
1.2763000000e-05
1.9700000000e-07
1.5200000000e-07
1.5500000000e-07
1.3667000000e-05
2.2200000000e-07
1.5100000000e-07
1.5200000000e-07
8.0330000000e-06
2.1700000000e-07
1.5500000000e-07
1.5400000000e-07
1.3513000000e-05
2.1600000000e-07
1.4900000000e-07
1.4600000000e-07
1.2807000000e-05
2.1300000000e-07
1.5100000000e-07
1.5100000000e-07
1.6398000000e-05
8.3486000000e-05
4.8200000000e-07
1.6400000000e-07
7.5700000000e-06
1.9900000000e-07
1.5300000000e-07
1.4800000000e-07
1.0816000000e-05
2.2200000000e-07
1.5200000000e-07
1.5100000000e-07
6.3370000000e-06
2.1300000000e-07
1.5400000000e-07
1.5000000000e-07
1.5098000000e-05
2.1300000000e-07
1.4400000000e-07
1.5300000000e-07
6.5170000000e-06
1.9900000000e-07
1.5300000000e-07
1.5600000000e-07
1.3280000000e-05
2.2100000000e-07
1.5400000000e-07
1.5100000000e-07
1.2788000000e-05
2.0100000000e-07
1.4800000000e-07
1.5000000000e-07
2.2562000000e-05
8.3344000000e-05
4.7800000000e-07
1.6400000000e-07
7.6700000000e-06
2.0000000000e-07
1.5400000000e-07
1.5200000000e-07
1.2310000000e-05
2.1900000000e-07
1.5200000000e-07
1.5100000000e-07
1.0089000000e-05
2.2400000000e-07
1.4900000000e-07
1.5000000000e-07
1.0216000000e-05
2.0900000000e-07
1.5100000000e-07
1.6400000000e-07
6.5850000000e-06
2.1100000000e-07
1.5100000000e-07
1.5200000000e-07
1.3271000000e-05
2.1800000000e-07
1.6600000000e-07
1.5300000000e-07
1.2708000000e-05
2.1700000000e-07
1.5200000000e-07
1.5100000000e-07
1.3225000000e-05
9.4903000000e-05
4.1800000000e-07
1.8200000000e-07
9.2030000000e-06
2.0200000000e-07
1.5300000000e-07
1.4400000000e-07
1.0748000000e-05
1.9700000000e-07
1.5000000000e-07
1.6600000000e-07
6.3960000000e-06
2.3000000000e-07
1.5400000000e-07
1.5200000000e-07
1.6562000000e-05
2.3000000000e-07
1.5100000000e-07
1.5300000000e-07
1.2742000000e-05
2.1300000000e-07
1.5400000000e-07
1.6200000000e-07
1.6468000000e-05
2.0900000000e-07
1.5100000000e-07
1.5800000000e-07
1.2687000000e-05
2.0100000000e-07
1.5200000000e-07
1.5500000000e-07
1.1495000000e-05
9.5192000000e-05
4.3700000000e-07
1.5800000000e-07
7.1230000000e-06
2.1100000000e-07
1.5200000000e-07
1.6800000000e-07
1.6784000000e-05
2.2100000000e-07
1.7300000000e-07
1.5900000000e-07
1.2698000000e-05
2.0100000000e-07
1.5800000000e-07
1.5500000000e-07
1.6411000000e-05
2.2800000000e-07
1.4400000000e-07
1.4800000000e-07
1.2908000000e-05
2.1500000000e-07
1.7400000000e-07
1.5200000000e-07
1.0283000000e-05
2.2000000000e-07
1.6600000000e-07
1.5600000000e-07
2.3711000000e-05
2.3800000000e-07
1.5100000000e-07
1.5200000000e-07
1.2804000000e-05
9.3107000000e-05
4.5300000000e-07
2.1900000000e-07
1.7811000000e-05
2.2800000000e-07
1.5500000000e-07
1.5600000000e-07
1.2863000000e-05
1.8800000000e-07
1.5200000000e-07
1.5000000000e-07
1.6569000000e-05
2.3200000000e-07
1.4900000000e-07
1.5400000000e-07
1.2730000000e-05
2.3200000000e-07
1.4900000000e-07
1.5100000000e-07
1.3681000000e-05
2.7700000000e-07
1.7200000000e-07
1.7200000000e-07
1.1099000000e-05
1.9700000000e-07
1.5800000000e-07
1.5400000000e-07
1.6482000000e-05
2.2800000000e-07
1.5300000000e-07
1.5600000000e-07
1.2728000000e-05
9.2469000000e-05
4.7600000000e-07
1.8600000000e-07
1.7579000000e-05
2.4400000000e-07
1.5600000000e-07
1.5500000000e-07
1.2815000000e-05
1.9000000000e-07
1.5200000000e-07
1.5000000000e-07
1.6545000000e-05
2.2700000000e-07
1.5200000000e-07
1.5100000000e-07
1.2973000000e-05
1.8700000000e-07
1.5200000000e-07
1.5700000000e-07
1.4923000000e-05
2.2100000000e-07
1.5400000000e-07
1.5900000000e-07
9.5800000000e-06
2.1900000000e-07
1.5600000000e-07
1.6000000000e-07
1.2874000000e-05
2.1500000000e-07
1.5000000000e-07
1.5100000000e-07
6.5440000000e-06
1.0099400000e-04
4.5500000000e-07
1.6400000000e-07
1.1499000000e-05
2.4200000000e-07
1.5400000000e-07
1.5500000000e-07
9.5190000000e-06
1.9600000000e-07
1.5000000000e-07
1.5200000000e-07
1.3291000000e-05
2.1500000000e-07
1.8400000000e-07
1.5200000000e-07
1.1174000000e-05
2.0500000000e-07
1.7100000000e-07
1.6200000000e-07
1.6382000000e-05
2.0600000000e-07
1.6200000000e-07
1.5600000000e-07
1.2796000000e-05
2.0100000000e-07
1.5200000000e-07
1.5700000000e-07
2.2579000000e-05
2.2200000000e-07
1.6000000000e-07
1.5700000000e-07
6.3270000000e-06
9.3385000000e-05
3.9400000000e-07
1.7400000000e-07
1.7501000000e-05
2.1700000000e-07
1.6200000000e-07
1.5200000000e-07
1.4748000000e-05
2.1100000000e-07
1.5500000000e-07
1.5000000000e-07
9.9680000000e-06
2.4600000000e-07
1.5200000000e-07
1.6600000000e-07
1.2861000000e-05
1.9700000000e-07
1.5000000000e-07
1.5600000000e-07
1.6469000000e-05
2.1300000000e-07
1.6400000000e-07
1.5600000000e-07
1.2734000000e-05
2.0700000000e-07
1.5600000000e-07
1.4700000000e-07
1.6339000000e-05
2.0500000000e-07
1.4600000000e-07
1.5000000000e-07
1.2652000000e-05
9.3818000000e-05
4.5700000000e-07
1.7600000000e-07
1.9165000000e-05
2.3200000000e-07
1.5600000000e-07
1.6200000000e-07
1.2633000000e-05
1.9000000000e-07
1.5400000000e-07
1.6800000000e-07
1.6533000000e-05
2.1300000000e-07
1.6000000000e-07
1.5700000000e-07
6.4370000000e-06
2.0100000000e-07
1.5200000000e-07
1.5200000000e-07
1.0062000000e-05
2.2500000000e-07
1.5000000000e-07
1.6400000000e-07
1.2652000000e-05
1.9100000000e-07
1.7800000000e-07
1.5400000000e-07
9.9800000000e-06
2.4800000000e-07
1.5200000000e-07
1.5200000000e-07
7.8300000000e-06
9.3085000000e-05
4.2000000000e-07
1.7300000000e-07
1.7502000000e-05
2.1100000000e-07
1.6000000000e-07
1.5100000000e-07
6.3900000000e-06
2.1700000000e-07
1.5600000000e-07
1.5200000000e-07
1.6482000000e-05
2.4600000000e-07
1.5600000000e-07
1.5000000000e-07
1.2842000000e-05
2.0700000000e-07
1.5300000000e-07
1.5000000000e-07
1.6456000000e-05
2.3200000000e-07
1.5300000000e-07
1.5400000000e-07
1.2728000000e-05
2.2400000000e-07
1.5300000000e-07
1.5000000000e-07
2.4147000000e-05
2.2100000000e-07
1.6200000000e-07
1.4800000000e-07
1.2963000000e-05
9.3067000000e-05
4.3800000000e-07
2.0500000000e-07
1.4515000000e-05
2.4400000000e-07
1.5500000000e-07
1.5400000000e-07
9.5480000000e-06
2.0300000000e-07
1.6200000000e-07
1.5900000000e-07
1.6610000000e-05
2.6600000000e-07
1.6200000000e-07
1.5600000000e-07
1.2865000000e-05
2.0600000000e-07
1.5000000000e-07
1.5600000000e-07
1.6341000000e-05
2.1900000000e-07
1.5800000000e-07
1.5200000000e-07
1.4257000000e-05
2.0300000000e-07
1.5200000000e-07
1.5200000000e-07
1.6521000000e-05
2.2700000000e-07
1.4600000000e-07
1.5700000000e-07
1.2612000000e-05
9.3537000000e-05
4.6900000000e-07
1.7800000000e-07
1.4308000000e-05
2.2100000000e-07
1.5400000000e-07
1.4600000000e-07
6.3660000000e-06
1.8600000000e-07
1.6600000000e-07
1.6000000000e-07
1.3368000000e-05
2.1700000000e-07
1.5400000000e-07
1.5400000000e-07
1.2906000000e-05
2.1900000000e-07
1.5400000000e-07
1.5400000000e-07
1.7870000000e-05
2.1200000000e-07
1.6500000000e-07
1.5300000000e-07
1.2691000000e-05
2.0900000000e-07
1.5600000000e-07
1.4700000000e-07
1.3193000000e-05
2.0100000000e-07
1.6000000000e-07
1.6200000000e-07
9.8140000000e-06
9.6726000000e-05
5.0900000000e-07
1.7800000000e-07
1.7562000000e-05
2.3200000000e-07
1.4800000000e-07
1.4800000000e-07
1.2747000000e-05
1.8400000000e-07
1.5600000000e-07
1.4800000000e-07
1.6396000000e-05
2.1300000000e-07
1.6800000000e-07
1.5000000000e-07
1.4164000000e-05
1.9700000000e-07
1.6500000000e-07
1.6400000000e-07
1.6286000000e-05
2.0300000000e-07
1.5000000000e-07
1.5800000000e-07
2.2022000000e-05
2.2000000000e-07
1.6300000000e-07
1.5400000000e-07
1.2747000000e-05
1.9900000000e-07
1.5300000000e-07
1.5000000000e-07
1.6208000000e-05
9.2502000000e-05
4.4900000000e-07
1.8100000000e-07
7.2640000000e-06
1.9400000000e-07
1.5200000000e-07
1.5800000000e-07
1.1623000000e-05
2.2100000000e-07
1.5800000000e-07
1.5500000000e-07
1.2960000000e-05
1.9700000000e-07
1.4800000000e-07
1.5700000000e-07
1.6925000000e-05
2.1300000000e-07
1.5200000000e-07
1.5300000000e-07
6.3510000000e-06
1.9900000000e-07
1.5400000000e-07
1.5500000000e-07
1.6487000000e-05
2.0100000000e-07
1.6400000000e-07
1.5200000000e-07
1.2750000000e-05
2.2000000000e-07
1.4700000000e-07
1.5200000000e-07
1.6476000000e-05
9.0756000000e-05
4.4900000000e-07
1.8200000000e-07
8.7910000000e-06
2.1500000000e-07
1.5800000000e-07
1.5100000000e-07
1.6634000000e-05
2.4100000000e-07
1.5900000000e-07
1.5600000000e-07
6.4020000000e-06
1.9300000000e-07
8.5775600000e-04
3.5200000000e-07
1.0542000000e-05
2.3400000000e-07
1.6400000000e-07
1.5500000000e-07
1.0786000000e-05
2.2700000000e-07
1.5400000000e-07
1.5200000000e-07
1.6574000000e-05
2.3000000000e-07
1.6400000000e-07
1.7000000000e-07
1.4470000000e-05
1.8700000000e-07
1.5100000000e-07
1.5200000000e-07
1.6597000000e-05
9.4918000000e-05
4.6500000000e-07
1.5800000000e-07
1.3621000000e-05
2.0500000000e-07
1.6100000000e-07
1.5100000000e-07
1.3519000000e-05
2.0700000000e-07
1.5400000000e-07
1.5600000000e-07
9.5900000000e-06
2.1100000000e-07
1.7000000000e-07
1.4900000000e-07
1.6722000000e-05
2.3000000000e-07
1.5400000000e-07
1.6000000000e-07
6.2680000000e-06
2.3700000000e-07
1.6600000000e-07
1.5800000000e-07
2.4489000000e-05
2.4600000000e-07
1.9300000000e-07
1.6600000000e-07
1.3269000000e-05
2.4800000000e-07
1.5100000000e-07
1.5400000000e-07
1.6368000000e-05
9.2262000000e-05
4.2800000000e-07
1.8200000000e-07
1.3533000000e-05
2.1700000000e-07
1.4900000000e-07
1.5900000000e-07
1.6751000000e-05
2.2300000000e-07
1.6200000000e-07
1.6000000000e-07
1.2754000000e-05
2.1500000000e-07
1.5100000000e-07
1.4900000000e-07
1.8468000000e-05
2.3800000000e-07
1.5200000000e-07
1.5200000000e-07
1.2756000000e-05
2.4300000000e-07
1.5800000000e-07
1.5000000000e-07
1.6474000000e-05
2.0900000000e-07
1.6200000000e-07
1.5400000000e-07
1.2763000000e-05
2.1300000000e-07
1.5400000000e-07
1.5500000000e-07
1.6403000000e-05
9.5561000000e-05
4.2200000000e-07
1.7500000000e-07
1.3553000000e-05
1.9400000000e-07
1.5000000000e-07
1.5200000000e-07
1.6726000000e-05
2.3000000000e-07
1.6600000000e-07
1.5700000000e-07
1.4442000000e-05
2.0900000000e-07
1.5400000000e-07
1.5700000000e-07
1.6501000000e-05
1.9900000000e-07
1.6400000000e-07
1.5600000000e-07
6.2790000000e-06
2.1500000000e-07
1.5300000000e-07
1.4800000000e-07
1.6498000000e-05
2.4100000000e-07
1.5000000000e-07
1.5000000000e-07
1.3390000000e-05
2.2700000000e-07
1.4700000000e-07
1.5200000000e-07
1.6488000000e-05
9.0556000000e-05
4.3700000000e-07
1.8600000000e-07
1.3622000000e-05
2.0100000000e-07
1.5000000000e-07
1.5300000000e-07
1.2136000000e-05
2.1100000000e-07
1.5600000000e-07
1.5500000000e-07
1.2771000000e-05
1.9400000000e-07
1.5600000000e-07
1.5200000000e-07
1.3463000000e-05
2.0800000000e-07
1.7300000000e-07
1.5500000000e-07
9.5050000000e-06
2.1100000000e-07
1.6200000000e-07
1.5400000000e-07
2.2690000000e-05
2.4000000000e-07
1.5400000000e-07
1.6600000000e-07
1.2761000000e-05
2.0900000000e-07
1.6000000000e-07
1.5000000000e-07
9.9760000000e-06
9.0338000000e-05
5.0200000000e-07
1.5400000000e-07
1.5191000000e-05
1.8900000000e-07
1.5100000000e-07
1.5000000000e-07
1.8503000000e-05
2.2100000000e-07
1.4900000000e-07
1.7000000000e-07
1.2753000000e-05
1.9300000000e-07
1.5500000000e-07
1.5000000000e-07
1.6654000000e-05
2.1700000000e-07
1.5800000000e-07
1.5700000000e-07
1.2952000000e-05
2.0100000000e-07
1.5600000000e-07
1.5500000000e-07
1.6720000000e-05
2.1600000000e-07
1.5500000000e-07
1.5200000000e-07
6.6620000000e-06
2.1100000000e-07
1.6200000000e-07
1.5000000000e-07
1.1443000000e-05
9.1338000000e-05
5.0200000000e-07
1.7600000000e-07
1.3552000000e-05
1.9700000000e-07
1.5200000000e-07
1.5100000000e-07
1.6630000000e-05
2.6100000000e-07
1.6300000000e-07
1.4900000000e-07
6.2890000000e-06
2.3900000000e-07
1.6800000000e-07
1.5800000000e-07
1.6335000000e-05
2.4400000000e-07
1.5400000000e-07
1.5400000000e-07
1.2754000000e-05
2.0700000000e-07
1.5300000000e-07
1.5000000000e-07
1.6503000000e-05
2.0500000000e-07
1.6400000000e-07
1.5600000000e-07
1.4467000000e-05
1.8800000000e-07
1.4800000000e-07
1.5500000000e-07
1.6322000000e-05
9.1367000000e-05
5.1800000000e-07
1.8300000000e-07
1.3686000000e-05
2.2500000000e-07
1.5000000000e-07
1.5200000000e-07
1.0660000000e-05
2.3800000000e-07
1.6000000000e-07
1.5600000000e-07
1.2896000000e-05
2.0700000000e-07
1.5200000000e-07
1.5500000000e-07
1.0210000000e-05
2.2200000000e-07
1.5300000000e-07
1.5400000000e-07
1.7699000000e-05
2.2500000000e-07
1.5000000000e-07
1.4800000000e-07
9.6820000000e-06
2.0300000000e-07
1.5500000000e-07
1.5400000000e-07
9.9000000000e-06
2.1500000000e-07
1.5800000000e-07
1.6600000000e-07
6.5950000000e-06
9.0524000000e-05
4.7900000000e-07
1.6600000000e-07
1.7501000000e-05
2.2800000000e-07
1.5000000000e-07
1.5900000000e-07
1.2634000000e-05
1.9600000000e-07
1.5200000000e-07
1.5400000000e-07
1.6519000000e-05
2.1500000000e-07
1.5200000000e-07
1.5000000000e-07
1.4531000000e-05
2.2400000000e-07
1.5100000000e-07
1.5000000000e-07
1.6622000000e-05
2.1100000000e-07
1.5900000000e-07
1.5500000000e-07
1.3085000000e-05
2.1100000000e-07
1.5000000000e-07
1.5000000000e-07
1.6562000000e-05
2.2700000000e-07
2.0400000000e-07
1.5000000000e-07
1.2685000000e-05
9.0356000000e-05
4.7700000000e-07
1.7400000000e-07
1.7459000000e-05
2.1900000000e-07
1.5000000000e-07
1.5100000000e-07
1.2808000000e-05
2.2400000000e-07
1.6800000000e-07
1.6400000000e-07
1.7923000000e-05
2.1100000000e-07
1.6200000000e-07
1.6600000000e-07
1.2726000000e-05
1.9300000000e-07
1.4800000000e-07
1.5600000000e-07
1.0123000000e-05
2.3500000000e-07
1.5800000000e-07
1.5000000000e-07
6.2850000000e-06
2.1500000000e-07
1.5400000000e-07
1.5400000000e-07
9.6820000000e-06
1.9700000000e-07
1.4900000000e-07
1.5200000000e-07
1.2621000000e-05
9.1959000000e-05
4.6900000000e-07
1.7600000000e-07
1.1253000000e-05
2.3600000000e-07
1.5800000000e-07
1.4800000000e-07
1.4097000000e-05
2.2300000000e-07
1.5400000000e-07
1.5500000000e-07
1.6286000000e-05
2.1900000000e-07
1.5300000000e-07
1.5400000000e-07
1.2548000000e-05
2.0300000000e-07
1.4800000000e-07
1.4600000000e-07
2.2276000000e-05
2.3100000000e-07
1.9700000000e-07
1.6000000000e-07
9.5760000000e-06
2.0500000000e-07
1.5400000000e-07
1.5200000000e-07
1.3258000000e-05
2.1200000000e-07
1.6500000000e-07
1.5100000000e-07
1.2788000000e-05
9.1395000000e-05
4.4600000000e-07
1.8900000000e-07
1.9326000000e-05
2.0900000000e-07
1.5200000000e-07
1.6200000000e-07
1.2926000000e-05
1.9800000000e-07
1.5000000000e-07
1.5400000000e-07
1.6228000000e-05
2.3400000000e-07
1.5100000000e-07
1.5500000000e-07
1.2653000000e-05
2.0100000000e-07
1.5100000000e-07
1.6200000000e-07
1.6570000000e-05
2.1900000000e-07
1.6200000000e-07
1.6200000000e-07
6.4980000000e-06
2.0900000000e-07
1.5300000000e-07
1.5200000000e-07
1.6115000000e-05
2.3400000000e-07
1.6400000000e-07
1.5800000000e-07
1.4255000000e-05
9.0901000000e-05
4.4000000000e-07
1.8200000000e-07
1.7736000000e-05
2.2100000000e-07
1.6800000000e-07
1.5200000000e-07
1.2805000000e-05
1.9200000000e-07
1.6200000000e-07
1.5400000000e-07
1.6572000000e-05
2.1700000000e-07
1.6200000000e-07
1.5500000000e-07
1.2817000000e-05
2.1100000000e-07
1.4300000000e-07
1.6000000000e-07
1.6474000000e-05
2.1300000000e-07
1.7000000000e-07
1.5200000000e-07
1.2765000000e-05
2.0700000000e-07
1.4800000000e-07
1.6800000000e-07
1.7877000000e-05
2.2700000000e-07
1.6600000000e-07
1.5600000000e-07
1.2816000000e-05
9.0147000000e-05
4.3200000000e-07
1.7000000000e-07
1.7823000000e-05
2.0900000000e-07
1.6200000000e-07
1.5200000000e-07
1.2736000000e-05
2.1900000000e-07
1.5000000000e-07
1.6400000000e-07
1.6478000000e-05
2.3000000000e-07
1.7200000000e-07
1.5000000000e-07
1.2824000000e-05
2.0900000000e-07
1.5800000000e-07
1.5400000000e-07
2.4812000000e-05
2.3800000000e-07
1.5400000000e-07
1.5400000000e-07
1.2820000000e-05
1.9000000000e-07
1.6100000000e-07
1.5200000000e-07
1.6585000000e-05
2.3300000000e-07
1.5200000000e-07
1.5400000000e-07
6.2810000000e-06
8.0391000000e-05
4.6100000000e-07
1.8600000000e-07
1.1107000000e-05
2.0800000000e-07
1.6600000000e-07
1.6200000000e-07
1.2700000000e-05
1.9700000000e-07
1.4900000000e-07
1.6000000000e-07
1.0056000000e-05
2.4000000000e-07
1.6600000000e-07
1.5200000000e-07
7.9060000000e-06
2.0900000000e-07
1.6200000000e-07
1.6400000000e-07
1.6460000000e-05
2.1100000000e-07
1.5400000000e-07
1.5300000000e-07
6.2610000000e-06
2.2100000000e-07
1.5900000000e-07
1.5200000000e-07
1.6462000000e-05
2.2300000000e-07
1.6400000000e-07
1.5400000000e-07
1.2785000000e-05
9.2824000000e-05
4.3500000000e-07
1.7600000000e-07
1.7779000000e-05
2.2700000000e-07
1.6600000000e-07
1.5400000000e-07
9.6810000000e-06
1.9700000000e-07
1.5200000000e-07
1.5300000000e-07
1.8116000000e-05
2.2400000000e-07
1.6500000000e-07
1.7200000000e-07
1.3228000000e-05
2.0300000000e-07
1.5300000000e-07
1.5200000000e-07
1.6386000000e-05
2.1600000000e-07
1.6000000000e-07
1.5900000000e-07
9.4700000000e-06
2.2200000000e-07
1.5500000000e-07
1.4900000000e-07
1.6531000000e-05
2.3400000000e-07
1.4900000000e-07
1.6800000000e-07
9.6910000000e-06
8.0253000000e-05
4.3400000000e-07
1.7100000000e-07
1.4363000000e-05
2.2400000000e-07
1.4700000000e-07
1.6200000000e-07
1.5238000000e-05
1.8400000000e-07
1.5600000000e-07
1.5600000000e-07
1.6865000000e-05
2.2800000000e-07
8.3771800000e-04
3.6300000000e-07
2.3218000000e-05
2.2600000000e-07
1.6600000000e-07
1.4700000000e-07
1.2773000000e-05
2.1100000000e-07
1.4700000000e-07
1.5400000000e-07
1.6575000000e-05
2.1900000000e-07
1.6000000000e-07
1.5000000000e-07
1.4597000000e-05
1.9400000000e-07
1.5300000000e-07
1.5200000000e-07
1.6802000000e-05
8.3697000000e-05
4.0800000000e-07
1.6800000000e-07
1.3717000000e-05
2.0900000000e-07
1.5700000000e-07
1.6400000000e-07
1.0417000000e-05
2.1900000000e-07
1.6600000000e-07
1.5000000000e-07
1.3025000000e-05
2.1200000000e-07
1.6100000000e-07
1.5600000000e-07
1.3542000000e-05
2.4000000000e-07
1.5800000000e-07
1.4700000000e-07
9.5640000000e-06
2.1800000000e-07
1.5400000000e-07
1.5300000000e-07
1.5013000000e-05
2.2300000000e-07
1.5400000000e-07
1.5000000000e-07
6.7170000000e-06
1.8300000000e-07
1.6000000000e-07
1.6000000000e-07
1.6629000000e-05
8.0659000000e-05
4.3000000000e-07
1.7400000000e-07
1.0474000000e-05
2.0100000000e-07
1.5000000000e-07
1.6600000000e-07
1.6937000000e-05
2.1400000000e-07
1.5800000000e-07
1.5200000000e-07
1.2752000000e-05
2.0700000000e-07
1.7000000000e-07
1.5300000000e-07
1.6516000000e-05
2.3400000000e-07
1.6100000000e-07
1.5000000000e-07
1.4398000000e-05
2.1200000000e-07
1.5300000000e-07
1.5400000000e-07
1.3181000000e-05
2.2300000000e-07
1.6400000000e-07
1.5400000000e-07
9.6730000000e-06
1.9000000000e-07
1.5400000000e-07
1.5400000000e-07
1.6576000000e-05
8.1831000000e-05
4.3500000000e-07
1.6000000000e-07
1.0410000000e-05
2.0300000000e-07
1.5400000000e-07
1.5800000000e-07
1.0480000000e-05
2.3600000000e-07
1.5300000000e-07
1.5700000000e-07
6.5720000000e-06
1.8400000000e-07
1.6000000000e-07
1.5200000000e-07
2.1224000000e-05
2.2700000000e-07
1.4800000000e-07
1.5300000000e-07
6.3800000000e-06
2.0700000000e-07
1.5200000000e-07
1.5500000000e-07
1.6499000000e-05
2.2000000000e-07
1.6100000000e-07
1.5500000000e-07
6.3710000000e-06
2.2300000000e-07
1.6600000000e-07
1.5000000000e-07
1.6242000000e-05
7.9420000000e-05
4.6800000000e-07
1.7200000000e-07
1.3603000000e-05
2.1500000000e-07
1.5500000000e-07
1.5400000000e-07
1.0433000000e-05
1.9700000000e-07
1.6400000000e-07
1.5100000000e-07
1.4441000000e-05
2.4400000000e-07
1.4800000000e-07
1.5000000000e-07
1.6509000000e-05
2.0700000000e-07
1.6800000000e-07
1.5600000000e-07
1.2670000000e-05
2.3100000000e-07
1.5200000000e-07
1.5400000000e-07
1.6539000000e-05
2.2800000000e-07
1.5400000000e-07
1.5100000000e-07
1.2724000000e-05
2.1700000000e-07
1.5200000000e-07
1.6600000000e-07
1.6508000000e-05
7.8403000000e-05
4.3400000000e-07
1.7600000000e-07
7.3120000000e-06
2.0300000000e-07
1.5200000000e-07
1.4600000000e-07
1.8587000000e-05
2.1300000000e-07
1.4900000000e-07
1.5400000000e-07
1.3015000000e-05
1.9700000000e-07
1.6400000000e-07
1.5200000000e-07
1.6433000000e-05
2.3200000000e-07
1.6400000000e-07
1.5100000000e-07
9.5600000000e-06
1.9700000000e-07
1.5200000000e-07
1.5100000000e-07
1.3196000000e-05
2.1500000000e-07
1.6600000000e-07
1.6400000000e-07
1.2816000000e-05
1.8800000000e-07
1.5400000000e-07
1.5600000000e-07
1.3226000000e-05
9.0641000000e-05
4.7900000000e-07
1.8100000000e-07
1.1986000000e-05
2.4400000000e-07
1.6400000000e-07
1.6000000000e-07
1.6716000000e-05
2.2400000000e-07
1.7600000000e-07
1.6800000000e-07
1.2693000000e-05
2.1100000000e-07
1.5300000000e-07
1.5400000000e-07
2.2636000000e-05
2.5400000000e-07
1.5100000000e-07
1.5500000000e-07
1.3276000000e-05
2.0300000000e-07
1.5800000000e-07
1.5600000000e-07
1.6732000000e-05
2.2500000000e-07
1.5000000000e-07
1.5300000000e-07
1.4487000000e-05
1.9700000000e-07
1.4900000000e-07
1.5600000000e-07
1.6456000000e-05
9.0193000000e-05
