isend N: 3200
isend totaltime: 6.7567818000e-02
isend avg: 2.1114943125e-05
isend std-dev: 4.1575197709e-05
----
5.4350000000e-06
5.5300000000e-07
3.4500000000e-07
1.2371800000e-04
7.2200000000e-07
3.1800000000e-07
3.0500000000e-07
8.6836000000e-05
7.7200000000e-07
3.0400000000e-07
2.9900000000e-07
8.4979000000e-05
6.5800000000e-07
3.0700000000e-07
3.0100000000e-07
8.3553000000e-05
5.8800000000e-07
3.0300000000e-07
3.1200000000e-07
8.3997000000e-05
5.8000000000e-07
4.0400000000e-07
3.0100000000e-07
8.2533000000e-05
5.9000000000e-07
3.1800000000e-07
3.0100000000e-07
8.2356000000e-05
5.6700000000e-07
4.6800000000e-07
3.0100000000e-07
8.2155000000e-05
5.8200000000e-07
2.9700000000e-07
3.0300000000e-07
8.2639000000e-05
6.1500000000e-07
3.1300000000e-07
3.0100000000e-07
8.2430000000e-05
6.3300000000e-07
3.3200000000e-07
3.1200000000e-07
8.2677000000e-05
5.5800000000e-07
3.0300000000e-07
3.0300000000e-07
8.1233000000e-05
5.8000000000e-07
3.1200000000e-07
3.5700000000e-07
8.1642000000e-05
5.6700000000e-07
3.8100000000e-07
3.1800000000e-07
8.0328000000e-05
5.8400000000e-07
3.1300000000e-07
3.0800000000e-07
8.1110000000e-05
5.6600000000e-07
2.9700000000e-07
2.6200000000e-07
8.1366000000e-05
5.8200000000e-07
3.0100000000e-07
2.9700000000e-07
8.1023000000e-05
6.1800000000e-07
3.1500000000e-07
3.0200000000e-07
8.1701000000e-05
5.8400000000e-07
2.9900000000e-07
2.9900000000e-07
8.0922000000e-05
6.0300000000e-07
3.0100000000e-07
2.9900000000e-07
8.1461000000e-05
6.0500000000e-07
3.0100000000e-07
3.0100000000e-07
8.0629000000e-05
5.8200000000e-07
4.1600000000e-07
2.9900000000e-07
8.0457000000e-05
5.9000000000e-07
3.0600000000e-07
3.0100000000e-07
8.1581000000e-05
5.9400000000e-07
3.0100000000e-07
3.0300000000e-07
8.1000000000e-05
6.3300000000e-07
2.9900000000e-07
3.0600000000e-07
8.1790000000e-05
6.0100000000e-07
3.1500000000e-07
3.2200000000e-07
8.1588000000e-05
5.4500000000e-07
3.0200000000e-07
2.5800000000e-07
8.1874000000e-05
5.7700000000e-07
3.0100000000e-07
3.0900000000e-07
8.1825000000e-05
5.7000000000e-07
3.0600000000e-07
2.9900000000e-07
8.1595000000e-05
5.5900000000e-07
4.0000000000e-07
3.0100000000e-07
8.0682000000e-05
5.6000000000e-07
3.0300000000e-07
2.6200000000e-07
8.0987000000e-05
5.5100000000e-07
3.0800000000e-07
3.0700000000e-07
8.1788000000e-05
6.0600000000e-07
3.0400000000e-07
3.0300000000e-07
8.0970000000e-05
6.0900000000e-07
3.0100000000e-07
3.0300000000e-07
8.0782000000e-05
5.8500000000e-07
3.1800000000e-07
3.0100000000e-07
8.0243000000e-05
5.8000000000e-07
3.0100000000e-07
3.0200000000e-07
8.1282000000e-05
5.7000000000e-07
3.0100000000e-07
2.9900000000e-07
8.0850000000e-05
6.0200000000e-07
4.0000000000e-07
3.0100000000e-07
8.0786000000e-05
6.2900000000e-07
3.0300000000e-07
2.6000000000e-07
8.0578000000e-05
5.3700000000e-07
3.0300000000e-07
2.9800000000e-07
7.9764000000e-05
5.5500000000e-07
2.9500000000e-07
2.9800000000e-07
8.8014000000e-05
6.1500000000e-07
3.1500000000e-07
3.0500000000e-07
8.0553000000e-05
6.0900000000e-07
2.9900000000e-07
2.5900000000e-07
7.9923000000e-05
5.7800000000e-07
3.0100000000e-07
2.9900000000e-07
8.0981000000e-05
5.7200000000e-07
3.0700000000e-07
3.0700000000e-07
8.0983000000e-05
6.1500000000e-07
3.9100000000e-07
3.0500000000e-07
8.1537000000e-05
5.9000000000e-07
3.0500000000e-07
3.0400000000e-07
8.0677000000e-05
5.9200000000e-07
3.0700000000e-07
2.6500000000e-07
8.0147000000e-05
5.8800000000e-07
3.0100000000e-07
3.0100000000e-07
8.1274000000e-05
6.0000000000e-07
2.9900000000e-07
3.0100000000e-07
8.0544000000e-05
5.7400000000e-07
3.0100000000e-07
2.9900000000e-07
8.1022000000e-05
5.9400000000e-07
2.9900000000e-07
3.0400000000e-07
7.9427000000e-05
5.6700000000e-07
3.2200000000e-07
3.0300000000e-07
8.0540000000e-05
5.9600000000e-07
3.7700000000e-07
3.0600000000e-07
8.0376000000e-05
5.6800000000e-07
2.9900000000e-07
2.9700000000e-07
8.0336000000e-05
5.9600000000e-07
3.1400000000e-07
2.6200000000e-07
8.1311000000e-05
5.8400000000e-07
3.0200000000e-07
3.0300000000e-07
8.0413000000e-05
5.6700000000e-07
3.0200000000e-07
3.0100000000e-07
8.1067000000e-05
5.9200000000e-07
3.0200000000e-07
3.0900000000e-07
8.0928000000e-05
5.5300000000e-07
3.0400000000e-07
3.0700000000e-07
8.1299000000e-05
5.7600000000e-07
2.9700000000e-07
3.0900000000e-07
8.1531000000e-05
5.7400000000e-07
3.9600000000e-07
3.2300000000e-07
8.0623000000e-05
5.2700000000e-07
3.0300000000e-07
2.6200000000e-07
7.9862000000e-05
5.9200000000e-07
2.9700000000e-07
3.0400000000e-07
8.0069000000e-05
6.4500000000e-07
3.0400000000e-07
3.0400000000e-07
8.1239000000e-05
5.8700000000e-07
3.0600000000e-07
3.1300000000e-07
8.0932000000e-05
5.3500000000e-07
3.0000000000e-07
3.0300000000e-07
8.1028000000e-05
5.7200000000e-07
3.1800000000e-07
2.9500000000e-07
8.0958000000e-05
5.9900000000e-07
3.1400000000e-07
3.0200000000e-07
8.0219000000e-05
6.2300000000e-07
3.7500000000e-07
3.0100000000e-07
7.9522000000e-05
5.4900000000e-07
3.0200000000e-07
3.0700000000e-07
8.0149000000e-05
5.9500000000e-07
3.0500000000e-07
2.9700000000e-07
8.0957000000e-05
5.6400000000e-07
3.1300000000e-07
2.7900000000e-07
8.0378000000e-05
5.8400000000e-07
2.9900000000e-07
2.5200000000e-07
8.0458000000e-05
5.8000000000e-07
3.0400000000e-07
2.6200000000e-07
7.9600000000e-05
5.9200000000e-07
3.0600000000e-07
3.0100000000e-07
8.0413000000e-05
6.2700000000e-07
3.0500000000e-07
3.0300000000e-07
8.0705000000e-05
5.4500000000e-07
3.7900000000e-07
2.7500000000e-07
7.9985000000e-05
5.5800000000e-07
3.1100000000e-07
2.9900000000e-07
8.1234000000e-05
5.7800000000e-07
2.9900000000e-07
3.0500000000e-07
8.0309000000e-05
5.6600000000e-07
3.0900000000e-07
3.0500000000e-07
8.1620000000e-05
6.0800000000e-07
3.1600000000e-07
3.0500000000e-07
8.0346000000e-05
5.7400000000e-07
3.1800000000e-07
3.0700000000e-07
8.0932000000e-05
5.6400000000e-07
3.1100000000e-07
2.9900000000e-07
7.9676000000e-05
6.0100000000e-07
3.0300000000e-07
3.0300000000e-07
8.2026000000e-05
5.9800000000e-07
3.7500000000e-07
3.0300000000e-07
7.9938000000e-05
5.7700000000e-07
3.0000000000e-07
3.0100000000e-07
8.0096000000e-05
6.0800000000e-07
3.0600000000e-07
2.6000000000e-07
8.0969000000e-05
5.2700000000e-07
2.9900000000e-07
2.9100000000e-07
8.0870000000e-05
5.4900000000e-07
3.0100000000e-07
3.0700000000e-07
8.0532000000e-05
5.7800000000e-07
3.0500000000e-07
3.0300000000e-07
8.0905000000e-05
5.7500000000e-07
3.1000000000e-07
3.0700000000e-07
2.4041200000e-04
6.6400000000e-07
3.0400000000e-07
2.5600000000e-07
8.8471000000e-05
5.9700000000e-07
5.6900000000e-07
2.9900000000e-07
8.1136000000e-05
5.4900000000e-07
3.0500000000e-07
3.0000000000e-07
8.0671000000e-05
5.5000000000e-07
3.0500000000e-07
3.0300000000e-07
8.0982000000e-05
6.1100000000e-07
2.9800000000e-07
3.0300000000e-07
8.1122000000e-05
5.8800000000e-07
3.0100000000e-07
2.9700000000e-07
7.9477000000e-05
5.7200000000e-07
3.0200000000e-07
3.0500000000e-07
7.9801000000e-05
5.7000000000e-07
3.0100000000e-07
2.9500000000e-07
8.0194000000e-05
5.7200000000e-07
2.9300000000e-07
2.9700000000e-07
8.0225000000e-05
5.7800000000e-07
3.7500000000e-07
3.0400000000e-07
7.9839000000e-05
5.4000000000e-07
2.9700000000e-07
3.0100000000e-07
8.0159000000e-05
5.9200000000e-07
3.0300000000e-07
2.9800000000e-07
7.9735000000e-05
5.8000000000e-07
3.1100000000e-07
3.0600000000e-07
8.1370000000e-05
6.2000000000e-07
3.1000000000e-07
3.0500000000e-07
8.7162000000e-05
6.2900000000e-07
3.0300000000e-07
3.0400000000e-07
8.1183000000e-05
5.9200000000e-07
2.9900000000e-07
3.0000000000e-07
8.0348000000e-05
5.6800000000e-07
2.9600000000e-07
5.6992000000e-05
6.5179000000e-05
6.4400000000e-07
2.1100000000e-07
1.5082000000e-05
6.5083000000e-05
4.6500000000e-07
1.7000000000e-07
1.2341000000e-05
6.4001000000e-05
5.1800000000e-07
1.8300000000e-07
7.5150000000e-06
6.3507000000e-05
4.1800000000e-07
1.7200000000e-07
1.8303000000e-05
6.4882000000e-05
5.0800000000e-07
1.7500000000e-07
1.5470000000e-05
6.3015000000e-05
3.9800000000e-07
1.8400000000e-07
1.1380000000e-05
6.4075000000e-05
4.9400000000e-07
1.8800000000e-07
1.3439000000e-05
6.3047000000e-05
4.2400000000e-07
1.7600000000e-07
1.1921000000e-05
6.4124000000e-05
4.8800000000e-07
1.9000000000e-07
7.5510000000e-06
6.4786000000e-05
4.5100000000e-07
1.7000000000e-07
1.1575000000e-05
6.3292000000e-05
4.9800000000e-07
1.8100000000e-07
7.4160000000e-06
6.4161000000e-05
4.3800000000e-07
1.9700000000e-07
1.2874000000e-05
6.4179000000e-05
5.2200000000e-07
1.7800000000e-07
7.2460000000e-06
6.3505000000e-05
4.3400000000e-07
1.7600000000e-07
1.1234000000e-05
6.3259000000e-05
5.2900000000e-07
1.8000000000e-07
7.1680000000e-06
6.3777000000e-05
4.5700000000e-07
1.7400000000e-07
1.1984000000e-05
6.3627000000e-05
4.8200000000e-07
1.9500000000e-07
7.6790000000e-06
6.4187000000e-05
4.3900000000e-07
1.6100000000e-07
1.1275000000e-05
6.3573000000e-05
5.3700000000e-07
1.7900000000e-07
8.6600000000e-06
6.3796000000e-05
4.7200000000e-07
1.7800000000e-07
1.1373000000e-05
6.3043000000e-05
4.9800000000e-07
1.7600000000e-07
7.1870000000e-06
6.3235000000e-05
4.6100000000e-07
1.7600000000e-07
1.0979000000e-05
6.3590000000e-05
5.1400000000e-07
1.7200000000e-07
1.3788000000e-05
6.2935000000e-05
4.6300000000e-07
1.6000000000e-07
2.3876000000e-05
6.4027000000e-05
4.8200000000e-07
1.9800000000e-07
1.3496000000e-05
6.3347000000e-05
4.5100000000e-07
1.7600000000e-07
1.6068000000e-05
6.3550000000e-05
4.6100000000e-07
1.9500000000e-07
1.0857000000e-05
6.3868000000e-05
4.3800000000e-07
1.8100000000e-07
1.7539000000e-05
6.3912000000e-05
4.9200000000e-07
1.7400000000e-07
1.3560000000e-05
6.3739000000e-05
4.1900000000e-07
1.6800000000e-07
1.4576000000e-05
6.3535000000e-05
5.1400000000e-07
1.7900000000e-07
1.0412000000e-05
6.3532000000e-05
4.1000000000e-07
1.5800000000e-07
1.5271000000e-05
6.3664000000e-05
5.2300000000e-07
1.9300000000e-07
9.1200000000e-06
6.3685000000e-05
3.9800000000e-07
1.8600000000e-07
1.1574000000e-05
6.3408000000e-05
5.1000000000e-07
1.8600000000e-07
1.0528000000e-05
6.3970000000e-05
4.3500000000e-07
1.8800000000e-07
1.7746000000e-05
6.4806000000e-05
5.0400000000e-07
2.1100000000e-07
1.3687000000e-05
6.3129000000e-05
4.1200000000e-07
1.6300000000e-07
1.4414000000e-05
6.3048000000e-05
4.6100000000e-07
1.8600000000e-07
1.0413000000e-05
6.3144000000e-05
4.5300000000e-07
1.7800000000e-07
1.9284000000e-05
6.3745000000e-05
4.9000000000e-07
1.9300000000e-07
1.3617000000e-05
6.3101000000e-05
4.3800000000e-07
1.6200000000e-07
1.7814000000e-05
6.3363000000e-05
4.5100000000e-07
1.7100000000e-07
1.3695000000e-05
6.5956000000e-05
4.2600000000e-07
1.7700000000e-07
1.7558000000e-05
6.3816000000e-05
4.4000000000e-07
1.6400000000e-07
1.0595000000e-05
6.3484000000e-05
4.3500000000e-07
1.7100000000e-07
1.4410000000e-05
6.3036000000e-05
4.4000000000e-07
1.5800000000e-07
1.8952000000e-05
6.3433000000e-05
4.3200000000e-07
1.7300000000e-07
1.0082000000e-05
6.4153000000e-05
4.2700000000e-07
1.7400000000e-07
1.1068000000e-05
6.3716000000e-05
4.1100000000e-07
1.7700000000e-07
1.3713000000e-05
6.4376000000e-05
4.3700000000e-07
1.7300000000e-07
1.7724000000e-05
6.3816000000e-05
4.3200000000e-07
1.7600000000e-07
7.6060000000e-06
6.3759000000e-05
4.4300000000e-07
1.7600000000e-07
1.9161000000e-05
6.3077000000e-05
4.3700000000e-07
1.7800000000e-07
1.3490000000e-05
6.3040000000e-05
4.4200000000e-07
1.6600000000e-07
1.1075000000e-05
6.3201000000e-05
5.4100000000e-07
1.7600000000e-07
1.3577000000e-05
6.2970000000e-05
4.4400000000e-07
1.7400000000e-07
1.7423000000e-05
6.3478000000e-05
4.3700000000e-07
1.5600000000e-07
1.3505000000e-05
6.4103000000e-05
4.7700000000e-07
1.7000000000e-07
1.1038000000e-05
6.3857000000e-05
4.1800000000e-07
1.8200000000e-07
1.5157000000e-05
6.3140000000e-05
4.4000000000e-07
1.5800000000e-07
1.1160000000e-05
6.3474000000e-05
4.2400000000e-07
1.5800000000e-07
1.3556000000e-05
6.3382000000e-05
4.4100000000e-07
1.6000000000e-07
1.7603000000e-05
6.3505000000e-05
4.1400000000e-07
1.7400000000e-07
8.1770000000e-06
6.3984000000e-05
4.2000000000e-07
1.6600000000e-07
1.7663000000e-05
6.3675000000e-05
4.0800000000e-07
1.5700000000e-07
1.3649000000e-05
6.4158000000e-05
4.0200000000e-07
1.7800000000e-07
1.8931000000e-05
6.3802000000e-05
4.5300000000e-07
1.6600000000e-07
7.1660000000e-06
6.3583000000e-05
4.1800000000e-07
1.6600000000e-07
1.1533000000e-05
6.4460000000e-05
4.3400000000e-07
1.8000000000e-07
1.3607000000e-05
7.5083000000e-05
4.3600000000e-07
1.7500000000e-07
2.3780000000e-05
6.4410000000e-05
4.9400000000e-07
1.8800000000e-07
1.3718000000e-05
6.3189000000e-05
4.3900000000e-07
1.7000000000e-07
1.4375000000e-05
6.3726000000e-05
4.4600000000e-07
1.6400000000e-07
8.7050000000e-06
6.5230000000e-05
4.7100000000e-07
1.6200000000e-07
1.1357000000e-05
6.3290000000e-05
4.5500000000e-07
1.7800000000e-07
1.0455000000e-05
6.3712000000e-05
4.4900000000e-07
1.6600000000e-07
1.7517000000e-05
6.3019000000e-05
4.1600000000e-07
1.7900000000e-07
1.0480000000e-05
6.3920000000e-05
4.8600000000e-07
1.5800000000e-07
1.4925000000e-05
6.3494000000e-05
4.3000000000e-07
1.6600000000e-07
1.3682000000e-05
6.3599000000e-05
4.2400000000e-07
1.7600000000e-07
1.5923000000e-05
6.3728000000e-05
4.1200000000e-07
1.6000000000e-07
7.4300000000e-06
6.2882000000e-05
5.0600000000e-07
1.7500000000e-07
1.4303000000e-05
6.3453000000e-05
4.1600000000e-07
1.8100000000e-07
1.3576000000e-05
6.3239000000e-05
4.0600000000e-07
1.6000000000e-07
1.7519000000e-05
6.3687000000e-05
4.2700000000e-07
1.7400000000e-07
1.0605000000e-05
6.3450000000e-05
4.7800000000e-07
1.5800000000e-07
1.1244000000e-05
6.3687000000e-05
4.7600000000e-07
1.7800000000e-07
1.2044000000e-05
6.2912000000e-05
4.1600000000e-07
1.7400000000e-07
1.7579000000e-05
6.3503000000e-05
4.3400000000e-07
1.5600000000e-07
1.3658000000e-05
6.3953000000e-05
4.3200000000e-07
1.8000000000e-07
1.4644000000e-05
6.3495000000e-05
4.5900000000e-07
1.8500000000e-07
1.0455000000e-05
6.3459000000e-05
4.4500000000e-07
1.5600000000e-07
1.7712000000e-05
6.3839000000e-05
4.4500000000e-07
1.7600000000e-07
1.3593000000e-05
6.3379000000e-05
4.3900000000e-07
1.7000000000e-07
2.5800000000e-05
6.4442000000e-05
4.4600000000e-07
1.9700000000e-07
1.3546000000e-05
6.3310000000e-05
4.2900000000e-07
1.8800000000e-07
1.7599000000e-05
6.3607000000e-05
4.2200000000e-07
1.9900000000e-07
1.3566000000e-05
6.3808000000e-05
4.5000000000e-07
1.6400000000e-07
1.1111000000e-05
6.3902000000e-05
5.3900000000e-07
1.7800000000e-07
7.3120000000e-06
6.4556000000e-05
4.4700000000e-07
1.6000000000e-07
1.9068000000e-05
6.3495000000e-05
4.4000000000e-07
1.7900000000e-07
7.4410000000e-06
6.3351000000e-05
4.3100000000e-07
1.5800000000e-07
1.1373000000e-05
6.2956000000e-05
5.3500000000e-07
1.7600000000e-07
1.3309000000e-05
6.4514000000e-05
4.5900000000e-07
1.7400000000e-07
1.7519000000e-05
6.3185000000e-05
4.2600000000e-07
1.6600000000e-07
1.3642000000e-05
6.3398000000e-05
4.2000000000e-07
1.9100000000e-07
1.7679000000e-05
6.5464000000e-05
4.3300000000e-07
1.7600000000e-07
2.0704000000e-05
6.7866000000e-05
4.5300000000e-07
1.6400000000e-07
1.1219000000e-05
6.4350000000e-05
4.3500000000e-07
1.8600000000e-07
1.3608000000e-05
6.3763000000e-05
4.6400000000e-07
1.6200000000e-07
1.7962000000e-05
6.3597000000e-05
4.4500000000e-07
1.6200000000e-07
1.3517000000e-05
6.5730000000e-05
4.6500000000e-07
1.7800000000e-07
1.7550000000e-05
6.3159000000e-05
4.9300000000e-07
1.6600000000e-07
7.1480000000e-06
6.4097000000e-05
4.5500000000e-07
1.8100000000e-07
1.2854000000e-05
6.3357000000e-05
4.9500000000e-07
1.7500000000e-07
7.2600000000e-06
6.4185000000e-05
4.6300000000e-07
1.6100000000e-07
1.7690000000e-05
6.3384000000e-05
4.7500000000e-07
1.6200000000e-07
1.7177000000e-05
6.3698000000e-05
4.3900000000e-07
1.5800000000e-07
1.3705000000e-05
6.5144000000e-05
4.7000000000e-07
1.6100000000e-07
1.7665000000e-05
6.3198000000e-05
4.3800000000e-07
1.8700000000e-07
1.3705000000e-05
6.3909000000e-05
4.4900000000e-07
1.5800000000e-07
1.6032000000e-05
6.4191000000e-05
4.4700000000e-07
1.6100000000e-07
1.0392000000e-05
6.3134000000e-05
4.3400000000e-07
1.7500000000e-07
1.4332000000e-05
6.7929000000e-05
4.4500000000e-07
1.6400000000e-07
1.0441000000e-05
6.4548000000e-05
5.0000000000e-07
1.7800000000e-07
1.8003000000e-05
6.3433000000e-05
7.8744400000e-04
4.1200000000e-07
8.3730000000e-06
6.7999000000e-05
5.1600000000e-07
1.5600000000e-07
1.8726000000e-05
6.5349000000e-05
4.3500000000e-07
1.9000000000e-07
7.1670000000e-06
6.4371000000e-05
4.4700000000e-07
1.7400000000e-07
1.1113000000e-05
6.4171000000e-05
3.9600000000e-07
1.6600000000e-07
1.3515000000e-05
6.4138000000e-05
3.9500000000e-07
1.5400000000e-07
1.7452000000e-05
6.3261000000e-05
4.1000000000e-07
1.7300000000e-07
1.3502000000e-05
6.6040000000e-05
4.3400000000e-07
1.6600000000e-07
1.9119000000e-05
6.3308000000e-05
4.1800000000e-07
1.5600000000e-07
1.3523000000e-05
6.2983000000e-05
4.4100000000e-07
1.6200000000e-07
1.7591000000e-05
6.3930000000e-05
4.4900000000e-07
1.5400000000e-07
1.3533000000e-05
6.2595000000e-05
4.4600000000e-07
1.5900000000e-07
1.1413000000e-05
6.3937000000e-05
4.1200000000e-07
1.8600000000e-07
1.3607000000e-05
6.3429000000e-05
4.3900000000e-07
1.6600000000e-07
1.1080000000e-05
6.3984000000e-05
4.2200000000e-07
1.8000000000e-07
8.6650000000e-06
6.4982000000e-05
4.4300000000e-07
1.8300000000e-07
2.1079000000e-05
6.3134000000e-05
4.0600000000e-07
1.6100000000e-07
1.0472000000e-05
6.3498000000e-05
4.2400000000e-07
1.8500000000e-07
1.4381000000e-05
6.3308000000e-05
4.1500000000e-07
1.6000000000e-07
1.0358000000e-05
6.3289000000e-05
3.9700000000e-07
1.7900000000e-07
1.7587000000e-05
6.4140000000e-05
4.1800000000e-07
1.6600000000e-07
1.3519000000e-05
6.3744000000e-05
4.3300000000e-07
1.9800000000e-07
1.9122000000e-05
6.3718000000e-05
4.1000000000e-07
1.5600000000e-07
1.3671000000e-05
6.2818000000e-05
4.3200000000e-07
1.9500000000e-07
1.7615000000e-05
6.3978000000e-05
4.3500000000e-07
1.7600000000e-07
1.3693000000e-05
6.3131000000e-05
4.3500000000e-07
1.6400000000e-07
1.4374000000e-05
6.3677000000e-05
4.3100000000e-07
1.7200000000e-07
1.0367000000e-05
6.3858000000e-05
4.9200000000e-07
1.7600000000e-07
1.4404000000e-05
6.3032000000e-05
4.5500000000e-07
1.6400000000e-07
1.1963000000e-05
6.4185000000e-05
4.2200000000e-07
1.7400000000e-07
1.7648000000e-05
6.3573000000e-05
4.3900000000e-07
1.6600000000e-07
1.3865000000e-05
6.3191000000e-05
4.1800000000e-07
1.7400000000e-07
1.4580000000e-05
6.4881000000e-05
4.2200000000e-07
1.6000000000e-07
1.0290000000e-05
6.3584000000e-05
5.0000000000e-07
1.6400000000e-07
1.4525000000e-05
6.3868000000e-05
4.2000000000e-07
1.7400000000e-07
1.0456000000e-05
6.2965000000e-05
4.3900000000e-07
1.6800000000e-07
1.5792000000e-05
6.3923000000e-05
4.2600000000e-07
1.7800000000e-07
1.0421000000e-05
6.2757000000e-05
4.5900000000e-07
1.7700000000e-07
1.7750000000e-05
6.4035000000e-05
4.5100000000e-07
1.7600000000e-07
1.3617000000e-05
6.3056000000e-05
4.2900000000e-07
1.8000000000e-07
1.7331000000e-05
6.3232000000e-05
4.2400000000e-07
1.6000000000e-07
1.3466000000e-05
6.3476000000e-05
4.6700000000e-07
1.6400000000e-07
1.2730000000e-05
6.3249000000e-05
4.0400000000e-07
1.7900000000e-07
7.0930000000e-06
6.3936000000e-05
4.6400000000e-07
1.7000000000e-07
1.1359000000e-05
6.2396000000e-05
4.0600000000e-07
1.6600000000e-07
1.3425000000e-05
6.3499000000e-05
4.4500000000e-07
1.7800000000e-07
1.7608000000e-05
6.4072000000e-05
4.1400000000e-07
1.6600000000e-07
1.3997000000e-05
6.3027000000e-05
3.8100000000e-07
1.7800000000e-07
1.7595000000e-05
6.3371000000e-05
4.1200000000e-07
1.6600000000e-07
8.7010000000e-06
6.2766000000e-05
4.1200000000e-07
2.0100000000e-07
1.7550000000e-05
6.3904000000e-05
4.4100000000e-07
1.7400000000e-07
7.2730000000e-06
6.3200000000e-05
4.3000000000e-07
1.6800000000e-07
1.7524000000e-05
6.3169000000e-05
4.1600000000e-07
1.9500000000e-07
1.3581000000e-05
6.4853000000e-05
4.1000000000e-07
1.8000000000e-07
1.7482000000e-05
6.2623000000e-05
4.2300000000e-07
1.6600000000e-07
1.3662000000e-05
6.3767000000e-05
4.0400000000e-07
1.7800000000e-07
1.9339000000e-05
6.2851000000e-05
4.2000000000e-07
1.6600000000e-07
1.3453000000e-05
6.3789000000e-05
4.3500000000e-07
1.6800000000e-07
1.7550000000e-05
6.3526000000e-05
4.2800000000e-07
1.7300000000e-07
7.0850000000e-06
6.3681000000e-05
4.4400000000e-07
1.6100000000e-07
1.1062000000e-05
6.3144000000e-05
4.2100000000e-07
1.6400000000e-07
7.0920000000e-06
6.2945000000e-05
4.2700000000e-07
1.6200000000e-07
1.1175000000e-05
6.3560000000e-05
4.2300000000e-07
1.6500000000e-07
2.5584000000e-05
6.3318000000e-05
5.6300000000e-07
1.7200000000e-07
1.3698000000e-05
6.3685000000e-05
4.9200000000e-07
1.6400000000e-07
1.7641000000e-05
6.4040000000e-05
4.1000000000e-07
1.6200000000e-07
1.3603000000e-05
6.3433000000e-05
4.1000000000e-07
1.7200000000e-07
1.7528000000e-05
6.3597000000e-05
4.3600000000e-07
1.6200000000e-07
1.0826000000e-05
6.3920000000e-05
4.0200000000e-07
1.8200000000e-07
1.1027000000e-05
6.3652000000e-05
4.3200000000e-07
1.7900000000e-07
8.7190000000e-06
6.3077000000e-05
3.9500000000e-07
1.7600000000e-07
1.4363000000e-05
6.3136000000e-05
4.5000000000e-07
1.7900000000e-07
1.3597000000e-05
6.4066000000e-05
4.9800000000e-07
1.7700000000e-07
1.7621000000e-05
6.3588000000e-05
4.1400000000e-07
1.7200000000e-07
1.3653000000e-05
6.3021000000e-05
4.7500000000e-07
1.9100000000e-07
1.7605000000e-05
6.3423000000e-05
4.1100000000e-07
1.8500000000e-07
1.0330000000e-05
6.3220000000e-05
4.4000000000e-07
1.7900000000e-07
1.5929000000e-05
6.3363000000e-05
3.9400000000e-07
1.7600000000e-07
1.3982000000e-05
6.3691000000e-05
4.3400000000e-07
1.6400000000e-07
1.4398000000e-05
6.3521000000e-05
4.5000000000e-07
1.7000000000e-07
1.0405000000e-05
6.3095000000e-05
4.0400000000e-07
1.6600000000e-07
1.7677000000e-05
6.3595000000e-05
4.3500000000e-07
1.6400000000e-07
1.3578000000e-05
6.2867000000e-05
4.2000000000e-07
1.7800000000e-07
1.7673000000e-05
6.3819000000e-05
4.3300000000e-07
1.6000000000e-07
1.5023000000e-05
6.2700000000e-05
4.9000000000e-07
1.7800000000e-07
1.7755000000e-05
6.3437000000e-05
4.1800000000e-07
1.7600000000e-07
1.3616000000e-05
6.3156000000e-05
4.0600000000e-07
1.6000000000e-07
2.3655000000e-05
6.3218000000e-05
4.2200000000e-07
1.7800000000e-07
7.2470000000e-06
6.3292000000e-05
4.0300000000e-07
1.5700000000e-07
1.1138000000e-05
6.3385000000e-05
4.3300000000e-07
1.5800000000e-07
1.5091000000e-05
6.3507000000e-05
4.4000000000e-07
1.6600000000e-07
1.1241000000e-05
6.3609000000e-05
4.3900000000e-07
1.8600000000e-07
7.1400000000e-06
6.2992000000e-05
4.2800000000e-07
1.7000000000e-07
1.7590000000e-05
6.4054000000e-05
4.1900000000e-07
1.7900000000e-07
7.5210000000e-06
6.3441000000e-05
4.3300000000e-07
1.7800000000e-07
1.7591000000e-05
6.3843000000e-05
4.1400000000e-07
1.8200000000e-07
7.1380000000e-06
6.2988000000e-05
4.1200000000e-07
1.5800000000e-07
1.9103000000e-05
6.3429000000e-05
4.3800000000e-07
1.8700000000e-07
1.3603000000e-05
6.5359000000e-05
4.1800000000e-07
1.7400000000e-07
1.7335000000e-05
6.8325000000e-05
4.4600000000e-07
1.8900000000e-07
1.3554000000e-05
6.3111000000e-05
4.0800000000e-07
1.8900000000e-07
1.7666000000e-05
6.3388000000e-05
4.0400000000e-07
1.8400000000e-07
7.2810000000e-06
6.3136000000e-05
4.2800000000e-07
1.6600000000e-07
1.7457000000e-05
6.4175000000e-05
4.2000000000e-07
1.7700000000e-07
1.4859000000e-05
6.3485000000e-05
3.9800000000e-07
1.6200000000e-07
1.7588000000e-05
6.3111000000e-05
4.2600000000e-07
1.7000000000e-07
1.3490000000e-05
6.3359000000e-05
4.5300000000e-07
1.7200000000e-07
1.7568000000e-05
6.3259000000e-05
4.2000000000e-07
1.5800000000e-07
1.3544000000e-05
6.3484000000e-05
4.2400000000e-07
1.7600000000e-07
1.7427000000e-05
6.3112000000e-05
4.3300000000e-07
1.7800000000e-07
9.9210000000e-06
6.3379000000e-05
4.2000000000e-07
1.6400000000e-07
2.2087000000e-05
6.4860000000e-05
4.2900000000e-07
1.7200000000e-07
1.0451000000e-05
6.2550000000e-05
4.4500000000e-07
1.6000000000e-07
1.7837000000e-05
6.3410000000e-05
4.5500000000e-07
1.7600000000e-07
1.3650000000e-05
6.3541000000e-05
4.2000000000e-07
1.6600000000e-07
1.4392000000e-05
6.3673000000e-05
4.2200000000e-07
1.6400000000e-07
1.0269000000e-05
6.6671000000e-05
4.4200000000e-07
1.9300000000e-07
1.4449000000e-05
6.3251000000e-05
4.2800000000e-07
1.6000000000e-07
1.1921000000e-05
6.3667000000e-05
4.4100000000e-07
1.9200000000e-07
1.7667000000e-05
6.3404000000e-05
4.2800000000e-07
1.8200000000e-07
1.3455000000e-05
6.4082000000e-05
4.3600000000e-07
1.6800000000e-07
1.7479000000e-05
6.3898000000e-05
4.5900000000e-07
1.8100000000e-07
1.3719000000e-05
6.3672000000e-05
4.5900000000e-07
1.7400000000e-07
1.7724000000e-05
6.3636000000e-05
4.4000000000e-07
1.6300000000e-07
1.0339000000e-05
6.3390000000e-05
4.1400000000e-07
1.6800000000e-07
1.3285000000e-05
6.3396000000e-05
4.3900000000e-07
1.7800000000e-07
7.4040000000e-06
6.3476000000e-05
3.9300000000e-07
1.6400000000e-07
1.4380000000e-05
6.2968000000e-05
4.2800000000e-07
1.6400000000e-07
1.3765000000e-05
6.2982000000e-05
8.1129700000e-04
3.8400000000e-07
1.0678000000e-05
6.7333000000e-05
4.6500000000e-07
1.6900000000e-07
1.6111000000e-05
6.4733000000e-05
4.1600000000e-07
1.7100000000e-07
1.7607000000e-05
6.4120000000e-05
4.0600000000e-07
1.6000000000e-07
1.3572000000e-05
6.3429000000e-05
4.4400000000e-07
1.7600000000e-07
1.7522000000e-05
6.3310000000e-05
4.3200000000e-07
1.6400000000e-07
1.3587000000e-05
6.3450000000e-05
4.2800000000e-07
1.5800000000e-07
2.3870000000e-05
6.3179000000e-05
4.4200000000e-07
1.6800000000e-07
1.0472000000e-05
6.3353000000e-05
4.2500000001e-07
1.7800000000e-07
1.6134000000e-05
6.3558000000e-05
4.2000000000e-07
1.6799999999e-07
1.3626000000e-05
6.2894000000e-05
4.4900000000e-07
1.7400000000e-07
1.4414000000e-05
6.3925000000e-05
4.3600000000e-07
1.6800000000e-07
7.4470000000e-06
6.3163000000e-05
4.5400000000e-07
1.6899999999e-07
1.4794000000e-05
6.3475000000e-05
4.3700000000e-07
1.6000000000e-07
1.3721000000e-05
6.3054000000e-05
4.2200000000e-07
1.6200000000e-07
1.7459000000e-05
6.3389000000e-05
4.3300000000e-07
1.9400000000e-07
1.5258000000e-05
6.3056000000e-05
4.2000000000e-07
1.7200000001e-07
1.7688000000e-05
6.3769000000e-05
4.4300000000e-07
1.7400000000e-07
1.3764000000e-05
6.3541000000e-05
4.1200000000e-07
1.7000000000e-07
1.7619000000e-05
6.3888000000e-05
4.2400000000e-07
1.6600000000e-07
1.3562000000e-05
6.3299000000e-05
4.3900000000e-07
1.8000000000e-07
1.7591000000e-05
6.3034000000e-05
4.5100000001e-07
1.8000000000e-07
1.0426000000e-05
6.3241000000e-05
4.4000000000e-07
1.6000000000e-07
1.2673000000e-05
6.4972000000e-05
4.3800000001e-07
1.5800000000e-07
1.0285000000e-05
6.3298000000e-05
4.0200000000e-07
1.6000000000e-07
1.7777000000e-05
6.3008000000e-05
4.2400000001e-07
1.6800000000e-07
1.3564000000e-05
6.3220000000e-05
4.4900000000e-07
1.7200000000e-07
1.4377000000e-05
6.3664000000e-05
4.3100000000e-07
1.6300000000e-07
1.1191000000e-05
6.3035000000e-05
4.3000000000e-07
1.7700000000e-07
1.7626000000e-05
6.4515000000e-05
4.2000000000e-07
1.7600000000e-07
2.4851000000e-05
6.3853000000e-05
3.9100000000e-07
1.6200000000e-07
1.3294000000e-05
6.3288000000e-05
4.1700000000e-07
1.8300000000e-07
1.7595000000e-05
6.2798000000e-05
4.1500000000e-07
1.8600000000e-07
7.1670000000e-06
6.3421000000e-05
4.2300000000e-07
1.5900000001e-07
1.1183000000e-05
6.3611000000e-05
4.4400000000e-07
1.7500000000e-07
7.1780000000e-06
6.3224000000e-05
4.3900000000e-07
1.7200000000e-07
1.2490000000e-05
6.3915000000e-05
4.2900000000e-07
1.7800000000e-07
7.2110000000e-06
6.3593000000e-05
4.2800000000e-07
1.7200000000e-07
1.1029000000e-05
6.3211000000e-05
4.2600000000e-07
1.6600000000e-07
1.3386000000e-05
6.4755000000e-05
4.2200000000e-07
1.7700000000e-07
1.7293000000e-05
6.3050000000e-05
4.5900000000e-07
1.6100000000e-07
1.3505000000e-05
6.3247000000e-05
4.1500000000e-07
1.8200000000e-07
1.7527000000e-05
6.2641000000e-05
4.4900000000e-07
1.7600000000e-07
9.0760000000e-06
6.3252000000e-05
4.1800000000e-07
1.7600000000e-07
1.7460000000e-05
6.3060000000e-05
4.1800000000e-07
1.7000000000e-07
1.3793000000e-05
6.3214000000e-05
4.0600000000e-07
1.7200000000e-07
1.7425000000e-05
6.4130000000e-05
4.3800000000e-07
1.5600000000e-07
1.3782000000e-05
6.2611000000e-05
4.1200000000e-07
1.6400000000e-07
1.7580000000e-05
6.3367000000e-05
3.9300000000e-07
1.6000000000e-07
1.3497000000e-05
6.3095000000e-05
4.2300000000e-07
1.8400000000e-07
1.9152000000e-05
6.3099000000e-05
4.3100000000e-07
1.7800000000e-07
1.3728000000e-05
6.3052000000e-05
4.0800000000e-07
1.8200000000e-07
1.1126000000e-05
6.2878000000e-05
4.3400000000e-07
1.8200000000e-07
1.3558000000e-05
6.3353000000e-05
4.2500000000e-07
1.7000000000e-07
2.3657000000e-05
6.2931000000e-05
4.1800000000e-07
1.6200000000e-07
1.3568000000e-05
6.2509000000e-05
4.3100000000e-07
1.8000000000e-07
1.7697000000e-05
6.3849000000e-05
4.2700000000e-07
1.6600000000e-07
1.5155000000e-05
6.2480000000e-05
4.0200000000e-07
1.7800000000e-07
1.7659000000e-05
6.3612000000e-05
3.9000000000e-07
1.8600000000e-07
1.3780000000e-05
6.2794000000e-05
4.0000000000e-07
1.7600000000e-07
1.4460000000e-05
6.2962000000e-05
4.1200000000e-07
1.7400000001e-07
1.0375000000e-05
6.3378000000e-05
3.9700000000e-07
1.8100000000e-07
1.7518000000e-05
6.2742000000e-05
4.1400000000e-07
1.6200000000e-07
1.3519000000e-05
6.3369000000e-05
3.9800000001e-07
1.9800000000e-07
1.8948000000e-05
6.2581000000e-05
4.1700000000e-07
1.8000000000e-07
1.3624000000e-05
6.3293000000e-05
4.2200000000e-07
1.7500000000e-07
1.7521000000e-05
6.3185000000e-05
4.4200000000e-07
1.8200000000e-07
1.3630000000e-05
6.3209000000e-05
4.1000000000e-07
1.5800000000e-07
1.7628000000e-05
6.3487000000e-05
4.4100000000e-07
1.7400000000e-07
1.3439000000e-05
6.2795000000e-05
4.1000000000e-07
1.8900000000e-07
1.7490000000e-05
6.3319000000e-05
4.2700000000e-07
1.5800000000e-07
1.1825000000e-05
6.2542000000e-05
4.2900000000e-07
1.8000000000e-07
1.1180000000e-05
6.3070000000e-05
4.1400000000e-07
1.6200000000e-07
1.0454000000e-05
6.2845000000e-05
4.0500000000e-07
1.7000000000e-07
1.4343000000e-05
6.3009000000e-05
4.3700000000e-07
1.6000000000e-07
1.0939000000e-05
6.4595000000e-05
4.0200000000e-07
1.6000000000e-07
1.8050000000e-05
6.2696000000e-05
4.3000000000e-07
1.7400000000e-07
1.3550000000e-05
6.3366000000e-05
4.4700000000e-07
1.6600000000e-07
2.5173000000e-05
6.3386000000e-05
4.3500000000e-07
1.6100000001e-07
1.3695000000e-05
6.3140000000e-05
4.2400000000e-07
1.6800000000e-07
1.7620000000e-05
6.3839000000e-05
4.1200000000e-07
1.7600000000e-07
1.3476000000e-05
6.2838000000e-05
4.1800000000e-07
1.8100000000e-07
1.7490000000e-05
6.3708000000e-05
4.3400000000e-07
1.7500000000e-07
7.2150000000e-06
6.3118000000e-05
4.4400000000e-07
1.6000000000e-07
1.2708000000e-05
6.4050000000e-05
4.5700000000e-07
1.6200000000e-07
1.3582000000e-05
6.3855000000e-05
3.9800000000e-07
1.9400000000e-07
1.7675000000e-05
6.3501000000e-05
4.3000000000e-07
1.7400000001e-07
1.3527000000e-05
6.3369000000e-05
5.1800000000e-07
1.7700000000e-07
1.7137000000e-05
6.8952000000e-05
4.6300000000e-07
1.6000000000e-07
1.3528000000e-05
6.3759000000e-05
4.4200000000e-07
1.8000000000e-07
1.7938000000e-05
6.4679000000e-05
4.3199999999e-07
1.9300000000e-07
1.5029000000e-05
6.3684000000e-05
4.7400000000e-07
1.7600000000e-07
1.1144000000e-05
6.3703000000e-05
4.4400000000e-07
1.7700000000e-07
1.3574000000e-05
6.3193000000e-05
4.4700000000e-07
1.9400000000e-07
1.7548000000e-05
6.3270000000e-05
4.3700000001e-07
1.5800000000e-07
1.3654000000e-05
6.2896000000e-05
4.3100000000e-07
1.8600000000e-07
1.7417000000e-05
6.3718000000e-05
4.4000000000e-07
1.6400000000e-07
1.3620000000e-05
6.3076000000e-05
4.6100000000e-07
1.7200000000e-07
1.2588000000e-05
6.3056000000e-05
4.2300000000e-07
1.7400000000e-07
7.2790000000e-06
6.2616000000e-05
4.9200000000e-07
1.6200000000e-07
1.7493000000e-05
6.2490000000e-05
4.0800000000e-07
1.6200000000e-07
2.3882000000e-05
6.2868000000e-05
4.4200000000e-07
1.8100000000e-07
1.3689000000e-05
7.5526000000e-05
4.2900000000e-07
1.9200000000e-07
1.7403000000e-05
6.3478000000e-05
4.3000000000e-07
1.8200000000e-07
1.3538000000e-05
6.6677000000e-05
4.4300000000e-07
1.6500000000e-07
1.9186000000e-05
6.5658000000e-05
4.4000000000e-07
1.6100000000e-07
1.3767000000e-05
6.4348000000e-05
4.6500000000e-07
1.9500000000e-07
1.7798000000e-05
6.3523000000e-05
4.2400000000e-07
1.6800000000e-07
1.3472000000e-05
6.3468000000e-05
4.3300000000e-07
1.8600000000e-07
1.4318000000e-05
6.3567000000e-05
4.1500000000e-07
1.8300000000e-07
7.1640000000e-06
6.3723000000e-05
4.5300000000e-07
1.7000000000e-07
1.1167000000e-05
6.3579000000e-05
4.5100000000e-07
1.8300000000e-07
1.2079000000e-05
6.3509000000e-05
4.1600000000e-07
1.6000000000e-07
1.7519000000e-05
6.2870000000e-05
4.6300000001e-07
1.7800000000e-07
1.0286000000e-05
6.3902000000e-05
4.2000000000e-07
1.7600000000e-07
1.4247000000e-05
6.3165000000e-05
4.2700000000e-07
1.6000000000e-07
1.3687000000e-05
6.3886000000e-05
4.3000000000e-07
1.7800000000e-07
1.7524000000e-05
6.3306000000e-05
4.4700000000e-07
1.6600000000e-07
1.3635000000e-05
6.5334000000e-05
4.4300000000e-07
1.6999999999e-07
1.5695000000e-05
6.5827000000e-05
4.2800000000e-07
1.6600000000e-07
1.0443000000e-05
6.3105000000e-05
4.2400000000e-07
1.7000000000e-07
1.7542000000e-05
6.3784000000e-05
4.1400000000e-07
1.6100000000e-07
1.0667000000e-05
6.2816000000e-05
4.2400000000e-07
1.8700000000e-07
1.1179000000e-05
6.3761000000e-05
4.3700000000e-07
1.6400000000e-07
1.0414000000e-05
6.3400000000e-05
4.2400000000e-07
1.6400000000e-07
1.8742000000e-05
6.3097000000e-05
4.5500000000e-07
1.8400000000e-07
7.0800000000e-06
6.3220000000e-05
4.2500000000e-07
1.7200000000e-07
1.1070000000e-05
6.3199000000e-05
4.5300000000e-07
1.7500000000e-07
1.3633000000e-05
6.3773000000e-05
7.9997600000e-04
3.7700000000e-07
1.7093000000e-05
6.6909000000e-05
4.7800000000e-07
1.7600000000e-07
1.3872000000e-05
6.4640000000e-05
4.2000000000e-07
1.8800000000e-07
1.9099000000e-05
6.4416000000e-05
4.4800000000e-07
1.8100000000e-07
1.0588000000e-05
6.3425000000e-05
4.4500000000e-07
1.6200000000e-07
1.4804000000e-05
6.5671000000e-05
4.4100000000e-07
1.9300000000e-07
1.3908000000e-05
6.3208000000e-05
4.0800000000e-07
1.7000000000e-07
1.7628000000e-05
6.3691000000e-05
4.3400000000e-07
1.8900000000e-07
1.3920000000e-05
6.3017000000e-05
4.6300000000e-07
1.7600000000e-07
1.7668000000e-05
6.3341000000e-05
4.2200000000e-07
1.8500000000e-07
1.5054000000e-05
6.3490000000e-05
4.3200000000e-07
1.8300000000e-07
1.4485000000e-05
6.2929000000e-05
4.2200000000e-07
1.6800000000e-07
7.1300000000e-06
6.3379000000e-05
4.0000000000e-07
1.7700000000e-07
1.4410000000e-05
6.2970000000e-05
4.3300000000e-07
1.6200000000e-07
1.3599000000e-05
6.4181000000e-05
4.1999999999e-07
1.5800000000e-07
1.4754000000e-05
6.2939000000e-05
4.1400000000e-07
1.6200000000e-07
1.0609000000e-05
6.3232000000e-05
4.3100000000e-07
1.8600000000e-07
1.9149000000e-05
6.3443000000e-05
4.3700000000e-07
1.8600000000e-07
1.3685000000e-05
6.3608000000e-05
4.2900000000e-07
1.6400000000e-07
1.7640000000e-05
6.4357000000e-05
4.3400000000e-07
1.6900000000e-07
1.3545000000e-05
6.4216000000e-05
4.2400000000e-07
1.7400000000e-07
2.3501000000e-05
6.3918000000e-05
4.3399999999e-07
1.6600000000e-07
1.3540000000e-05
6.4263000000e-05
4.4000000000e-07
1.5800000000e-07
1.9247000000e-05
6.3403000000e-05
4.4200000000e-07
1.7700000000e-07
1.4068000000e-05
6.4210000000e-05
4.0800000000e-07
1.7800000000e-07
1.7543000000e-05
6.4066000000e-05
4.1600000000e-07
1.7600000000e-07
1.3792000000e-05
6.3464000000e-05
4.2200000000e-07
1.9200000000e-07
1.1074000000e-05
6.5066000000e-05
4.1000000000e-07
1.6100000000e-07
7.2400000000e-06
6.3222000000e-05
4.3500000000e-07
1.6000000000e-07
1.7360000000e-05
6.4193000000e-05
4.1200000000e-07
1.7400000001e-07
1.4937000000e-05
6.3378000000e-05
4.3900000000e-07
1.6400000000e-07
1.7431000000e-05
6.3767000000e-05
4.4000000000e-07
1.8000000000e-07
1.3643000000e-05
6.3537000000e-05
4.0600000000e-07
1.7800000000e-07
1.1116000000e-05
6.3351000000e-05
4.2600000000e-07
1.8600000000e-07
7.4620000000e-06
6.3697000000e-05
4.3500000000e-07
1.7500000000e-07
1.7453000000e-05
6.3156000000e-05
4.3199999999e-07
1.9900000000e-07
1.3509000000e-05
6.3418000000e-05
4.3700000000e-07
1.5500000000e-07
1.9274000000e-05
6.3806000000e-05
3.9800000000e-07
1.6799999999e-07
7.1500000000e-06
6.3375000000e-05
4.1800000000e-07
1.6200000000e-07
1.7441000000e-05
6.2627000000e-05
4.3100000000e-07
1.7800000000e-07
1.3810000000e-05
6.3247000000e-05
4.3200000000e-07
2.0100000000e-07
1.7750000000e-05
6.3820000000e-05
4.3100000000e-07
1.7200000000e-07
1.3716000000e-05
6.3345000000e-05
4.2400000000e-07
1.6200000000e-07
1.7494000000e-05
6.3584000000e-05
4.2000000000e-07
1.6000000000e-07
2.1685000000e-05
6.5296000000e-05
4.2000000000e-07
1.7800000000e-07
1.0527000000e-05
6.3063000000e-05
4.1400000000e-07
1.6000000000e-07
1.7470000000e-05
6.3630000000e-05
4.2600000000e-07
1.7400000000e-07
1.3614000000e-05
6.2769000000e-05
4.4700000000e-07
1.9200000000e-07
1.7595000000e-05
6.3605000000e-05
4.3400000000e-07
1.6600000000e-07
1.3529000000e-05
6.3343000000e-05
3.9800000000e-07
1.8000000000e-07
1.4386000000e-05
6.3327000000e-05
4.2700000000e-07
1.8000000000e-07
8.6280000000e-06
6.3556000000e-05
4.1999999999e-07
1.7000000000e-07
1.0957000000e-05
6.2960000000e-05
4.4300000000e-07
1.6000000000e-07
1.0459000000e-05
6.2944000000e-05
4.0900000000e-07
1.7500000000e-07
1.4286000000e-05
6.2813000000e-05
4.2200000000e-07
1.7400000000e-07
1.0720000000e-05
6.3519000000e-05
4.3400000000e-07
1.7500000000e-07
1.7527000000e-05
6.3378000000e-05
4.3000000000e-07
1.7600000000e-07
1.0474000000e-05
6.3537000000e-05
4.2200000000e-07
1.7600000000e-07
1.5938000000e-05
6.4718000000e-05
4.2400000000e-07
1.9499999999e-07
1.3673000000e-05
6.2934000000e-05
3.9600000000e-07
1.5800000000e-07
1.7666000000e-05
6.3474000000e-05
4.2900000000e-07
1.7400000000e-07
1.3593000000e-05
6.2655000000e-05
4.2200000000e-07
1.7500000000e-07
1.7863000000e-05
6.3866000000e-05
4.6500000000e-07
1.8200000000e-07
1.0435000000e-05
6.4624000000e-05
4.6100000000e-07
1.7400000000e-07
1.4454000000e-05
6.3124000000e-05
4.2500000000e-07
1.6400000000e-07
1.4843000000e-05
6.3554000000e-05
4.4500000000e-07
1.7600000000e-07
1.7515000000e-05
6.2714000000e-05
4.4300000000e-07
1.9699999999e-07
1.0723000000e-05
6.3158000000e-05
4.4200000000e-07
1.8500000000e-07
2.0339000000e-05
6.3210000000e-05
4.4700000000e-07
1.9700000000e-07
7.2010000000e-06
6.3025000000e-05
4.4900000000e-07
1.8200000000e-07
1.7349000000e-05
6.5136000000e-05
4.6300000000e-07
1.7300000000e-07
1.5494000000e-05
6.2767000000e-05
4.2400000000e-07
1.7600000000e-07
1.7674000000e-05
6.3591000000e-05
4.4000000000e-07
1.6600000000e-07
1.3790000000e-05
6.2873000000e-05
4.2000000000e-07
1.9300000000e-07
1.7693000000e-05
6.3233000000e-05
4.1900000000e-07
1.7700000000e-07
7.1070000000e-06
6.2540000000e-05
4.2500000001e-07
1.6600000000e-07
1.7736000000e-05
1.3321700000e-04
4.9200000000e-07
1.7000000000e-07
7.3890000000e-06
6.4681000000e-05
4.4000000000e-07
1.8200000000e-07
1.9027000000e-05
6.3851000000e-05
3.9300000000e-07
1.7200000000e-07
1.3509000000e-05
6.3132000000e-05
4.2600000000e-07
1.7900000000e-07
1.7546000000e-05
6.3605000000e-05
4.0000000000e-07
1.7800000000e-07
1.3560000000e-05
6.3211000000e-05
4.0500000000e-07
1.6000000001e-07
1.7538000000e-05
7.9229000000e-05
4.3200000000e-07
1.6000000000e-07
7.0720000000e-06
6.3845000000e-05
4.1000000000e-07
1.7000000000e-07
1.0890000000e-05
6.3163000000e-05
4.7199999999e-07
1.7400000001e-07
1.4904000000e-05
7.3089000000e-05
4.4400000000e-07
1.7400000000e-07
1.7381000000e-05
7.0690000000e-05
4.1000000000e-07
1.6200000000e-07
1.3937000000e-05
7.3335000000e-05
3.9600000000e-07
1.7600000000e-07
1.7484000000e-05
6.4073000000e-05
4.0200000000e-07
1.7000000000e-07
1.3701000000e-05
6.3314000000e-05
4.4800000000e-07
1.5800000000e-07
1.1083000000e-05
6.5132000000e-05
4.2600000000e-07
1.7600000000e-07
1.3552000000e-05
7.0912000000e-05
4.1600000000e-07
1.5800000000e-07
2.2042000000e-05
6.6903000000e-05
4.0800000000e-07
1.5599999999e-07
1.0570000000e-05
6.3444000000e-05
4.3800000000e-07
1.5400000000e-07
1.7845000000e-05
6.4316000000e-05
4.2800000000e-07
1.7000000000e-07
1.3672000000e-05
6.2743000000e-05
4.5200000000e-07
1.7700000000e-07
1.4345000000e-05
6.3238000000e-05
4.3500000000e-07
1.8400000000e-07
1.0654000000e-05
6.2205000000e-05
4.4300000000e-07
1.7400000000e-07
1.7534000000e-05
6.3634000000e-05
4.2000000000e-07
1.9100000000e-07
1.5228000000e-05
6.2327000000e-05
4.3400000000e-07
1.6400000000e-07
1.4410000000e-05
6.3311000000e-05
4.6100000000e-07
1.8300000000e-07
1.0461000000e-05
6.2812000000e-05
4.7400000000e-07
1.8200000000e-07
1.7915000000e-05
6.2974000000e-05
4.1200000000e-07
1.7400000001e-07
1.0515000000e-05
6.3046000000e-05
4.3900000000e-07
1.7600000000e-07
1.1255000000e-05
6.2620000000e-05
4.3900000000e-07
1.6200000000e-07
1.0629000000e-05
6.3396000000e-05
4.3700000000e-07
1.8000000000e-07
1.9024000000e-05
6.2712000000e-05
4.1800000000e-07
1.7600000000e-07
1.3871000000e-05
6.2910000000e-05
4.2000000000e-07
1.7000000000e-07
1.7494000000e-05
6.3474000000e-05
4.0200000000e-07
1.5599999999e-07
1.3601000000e-05
6.3054000000e-05
4.3199999999e-07
1.7600000000e-07
1.7636000000e-05
6.3267000000e-05
4.3200000000e-07
1.6100000001e-07
1.3646000000e-05
6.2607000000e-05
4.3400000000e-07
1.6400000000e-07
1.7663000000e-05
6.3029000000e-05
4.3200000000e-07
1.6000000000e-07
1.2109000000e-05
6.3081000000e-05
4.5900000000e-07
1.6400000000e-07
1.4349000000e-05
6.2554000000e-05
4.3100000000e-07
1.7200000000e-07
2.3618000000e-05
6.3503000000e-05
4.3300000000e-07
1.6800000000e-07
1.3500000000e-05
6.2388000000e-05
4.2400000000e-07
2.0100000000e-07
1.7431000000e-05
6.2526000000e-05
4.0800000000e-07
1.8200000000e-07
7.5080000000e-06
6.2515000000e-05
4.5500000000e-07
1.5600000000e-07
1.2724000000e-05
6.2923000000e-05
4.0500000000e-07
1.9900000000e-07
1.3613000000e-05
6.3435000000e-05
4.4200000000e-07
1.6400000000e-07
1.7583000000e-05
6.3132000000e-05
4.2200000000e-07
1.6000000000e-07
1.3574000000e-05
6.3485000000e-05
4.1700000000e-07
1.8200000000e-07
1.7595000000e-05
6.2251000000e-05
4.4700000000e-07
1.5900000000e-07
1.3556000000e-05
6.3138000000e-05
4.4000000000e-07
1.5599999999e-07
1.7378000000e-05
6.2591000000e-05
4.0000000000e-07
1.7000000000e-07
8.7830000000e-06
6.5364000000e-05
3.8900000000e-07
1.6800000000e-07
1.7609000000e-05
6.3036000000e-05
4.2300000000e-07
1.9100000000e-07
7.2550000000e-06
6.2902000000e-05
8.2822600000e-04
3.9700000000e-07
1.7091000000e-05
6.4616000000e-05
4.3400000000e-07
1.6200000000e-07
1.4925000000e-05
6.3835000000e-05
4.2400000000e-07
1.7000000000e-07
1.7677000000e-05
6.3064000000e-05
4.0800000000e-07
1.6600000000e-07
1.5048000000e-05
6.3345000000e-05
4.3600000000e-07
1.8900000000e-07
1.4634000000e-05
6.3009000000e-05
4.4000000000e-07
1.8300000000e-07
1.0439000000e-05
6.2640000000e-05
4.4100000000e-07
1.6000000000e-07
1.7583000000e-05
6.3204000000e-05
4.1800000000e-07
1.6800000000e-07
1.3759000000e-05
6.2878000000e-05
4.1999999999e-07
1.7400000000e-07
1.4265000000e-05
6.3778000000e-05
4.2900000000e-07
1.7300000000e-07
7.1190000000e-06
6.3234000000e-05
4.1000000000e-07
1.6000000000e-07
1.5359000000e-05
6.4273000000e-05
4.1300000000e-07
1.6200000000e-07
7.1210000000e-06
6.3183000000e-05
4.4800000000e-07
1.5900000000e-07
1.7614000000e-05
6.2915000000e-05
4.0200000000e-07
1.7400000001e-07
1.3855000000e-05
6.3056000000e-05
4.2200000000e-07
1.6800000000e-07
1.1015000000e-05
6.2781000000e-05
4.2800000000e-07
1.7200000000e-07
1.3780000000e-05
6.2707000000e-05
3.9400000000e-07
1.8000000000e-07
1.2564000000e-05
6.3557000000e-05
4.1400000000e-07
1.7700000000e-07
1.3543000000e-05
6.3872000000e-05
4.1600000000e-07
1.8000000000e-07
1.7521000000e-05
6.3697000000e-05
4.0800000000e-07
1.5700000000e-07
7.1240000000e-06
6.3509000000e-05
3.9900000000e-07
1.6000000000e-07
1.8042000000e-05
6.3179000000e-05
4.2099999999e-07
1.8500000000e-07
1.3505000000e-05
6.3251000000e-05
4.2300000000e-07
1.6100000000e-07
1.7405000000e-05
6.3818000000e-05
4.3300000000e-07
1.7200000000e-07
1.5333000000e-05
6.3103000000e-05
4.2200000000e-07
1.5600000000e-07
1.7472000000e-05
6.2654000000e-05
4.0800000000e-07
1.7200000000e-07
7.2940000000e-06
6.3074000000e-05
4.3300000000e-07
1.7600000000e-07
1.7597000000e-05
6.3704000000e-05
4.3200000000e-07
1.7000000000e-07
1.3673000000e-05
6.2530000000e-05
4.4300000000e-07
1.6200000000e-07
1.1187000000e-05
6.3493000000e-05
4.2500000000e-07
1.6400000000e-07
1.3527000000e-05
6.3423000000e-05
4.1800000000e-07
1.7400000000e-07
1.8980000000e-05
6.3169000000e-05
4.2400000000e-07
1.7300000000e-07
1.3578000000e-05
6.3165000000e-05
4.3600000000e-07
1.6600000000e-07
1.1089000000e-05
6.3099000000e-05
3.8900000000e-07
1.7200000000e-07
7.2530000000e-06
6.3613000000e-05
4.2000000000e-07
1.7200000000e-07
2.3678000000e-05
6.3525000000e-05
4.3000000000e-07
1.6400000000e-07
1.4019000000e-05
6.3324000000e-05
4.8000000000e-07
1.7600000000e-07
1.7640000000e-05
6.3447000000e-05
4.2000000000e-07
1.7800000000e-07
1.5175000000e-05
6.3421000000e-05
4.5700000000e-07
1.5800000000e-07
1.6253000000e-05
6.4220000000e-05
4.2400000001e-07
1.8400000000e-07
1.0429000000e-05
6.3304000000e-05
4.3700000000e-07
1.6300000000e-07
1.4333000000e-05
6.3446000000e-05
4.2400000000e-07
1.7200000000e-07
1.0404000000e-05
6.3390000000e-05
3.9500000000e-07
1.7100000000e-07
1.7345000000e-05
6.3287000000e-05
4.1400000000e-07
1.5800000000e-07
1.3662000000e-05
6.3379000000e-05
4.3600000000e-07
1.7700000000e-07
1.9103000000e-05
6.3274000000e-05
4.2300000000e-07
1.9599999999e-07
1.3589000000e-05
6.3013000000e-05
4.4500000000e-07
1.6400000000e-07
1.7351000000e-05
6.3173000000e-05
4.4499999999e-07
1.7800000000e-07
1.3581000000e-05
6.2917000000e-05
4.6100000000e-07
1.7900000000e-07
1.7552000000e-05
6.2628000000e-05
4.4300000000e-07
1.8900000000e-07
1.3621000000e-05
6.2884000000e-05
4.7900000000e-07
1.7800000000e-07
1.7561000000e-05
6.3060000000e-05
4.3300000000e-07
1.7400000000e-07
1.5362000000e-05
6.2736000000e-05
4.1400000000e-07
1.8500000000e-07
1.7604000000e-05
6.3335000000e-05
4.1300000000e-07
1.7500000000e-07
1.3472000000e-05
6.3447000000e-05
4.2200000000e-07
1.6100000001e-07
1.7454000000e-05
6.2392000000e-05
4.4499999999e-07
1.7400000000e-07
1.3591000000e-05
6.2493000000e-05
4.3100000000e-07
1.6400000000e-07
1.7478000000e-05
6.2925000000e-05
4.2900000000e-07
1.6000000000e-07
2.4965000000e-05
6.3112000000e-05
4.2600000000e-07
1.7800000000e-07
1.3611000000e-05
6.2215000000e-05
4.1800000000e-07
1.8100000000e-07
1.7396000000e-05
6.2724000000e-05
3.9600000000e-07
1.9000000000e-07
1.3525000000e-05
6.3130000000e-05
4.2400000000e-07
1.5400000000e-07
1.7560000000e-05
6.2369000000e-05
4.2000000000e-07
1.6400000000e-07
7.1230000000e-06
7.1184000000e-05
4.5100000000e-07
1.7600000000e-07
1.9065000000e-05
6.9732000000e-05
4.1800000000e-07
1.9700000000e-07
7.2220000000e-06
6.2679000000e-05
4.0600000000e-07
1.7000000000e-07
1.7523000000e-05
6.2689000000e-05
4.1800000000e-07
1.7400000000e-07
1.3505000000e-05
6.2560000000e-05
4.4000000000e-07
1.7900000000e-07
1.7478000000e-05
6.3036000000e-05
4.1600000000e-07
1.6400000000e-07
1.3767000000e-05
6.2562000000e-05
4.5000000000e-07
1.7600000000e-07
1.7408000000e-05
6.2947000000e-05
4.1800000000e-07
1.6400000000e-07
8.8530000000e-06
6.2281000000e-05
4.5400000000e-07
1.7600000000e-07
1.7533000000e-05
6.6912000000e-05
4.4800000000e-07
1.6600000000e-07
7.1770000000e-06
6.4837000000e-05
4.3300000000e-07
1.8600000000e-07
1.0989000000e-05
6.2570000000e-05
4.3200000000e-07
1.8300000000e-07
7.4340000000e-06
6.2677000000e-05
4.5300000000e-07
1.7200000000e-07
1.7444000000e-05
6.2218000000e-05
4.3700000000e-07
1.7200000000e-07
1.3452000000e-05
6.2388000000e-05
4.5700000000e-07
1.7400000000e-07
1.2599000000e-05
6.2607000000e-05
4.2800000000e-07
1.5800000000e-07
1.3650000000e-05
6.3042000000e-05
4.1400000000e-07
1.7600000000e-07
1.7646000000e-05
6.7048000000e-05
4.4300000000e-07
1.7000000000e-07
1.3494000000e-05
6.2862000000e-05
4.4200000000e-07
1.8500000000e-07
1.7455000000e-05
6.2822000000e-05
4.4300000000e-07
1.7800000000e-07
1.0306000000e-05
6.2259000000e-05
4.3199999999e-07
1.6000000000e-07
1.1037000000e-05
6.2910000000e-05
4.4300000000e-07
1.8300000000e-07
1.2172000000e-05
6.2605000000e-05
4.3300000000e-07
1.9800000000e-07
1.7509000000e-05
6.2775000000e-05
4.4300000000e-07
1.6200000000e-07
1.3503000000e-05
6.2493000000e-05
4.6100000000e-07
1.7400000001e-07
1.7715000000e-05
6.2414000000e-05
4.1400000000e-07
1.6000000000e-07
1.3554000000e-05
6.2507000000e-05
4.1200000000e-07
1.6200000000e-07
1.7579000000e-05
6.2370000000e-05
4.1600000000e-07
1.8200000000e-07
1.3720000000e-05
6.2757000000e-05
4.2800000000e-07
1.7900000000e-07
1.9181000000e-05
6.3073000000e-05
4.2300000001e-07
1.8200000000e-07
1.3642000000e-05
6.3265000000e-05
4.6100000000e-07
1.8000000000e-07
1.7927000000e-05
6.5037000000e-05
4.0800000000e-07
1.7400000000e-07
1.3695000000e-05
6.2800000000e-05
3.9000000000e-07
1.7400000000e-07
1.7521000000e-05
6.2957000000e-05
4.2000000000e-07
1.6000000000e-07
1.3640000000e-05
6.2763000000e-05
4.0800000000e-07
1.8000000000e-07
1.7755000000e-05
6.3609000000e-05
4.2800000000e-07
1.7800000000e-07
1.5150000000e-05
6.2648000000e-05
4.5500000000e-07
1.8600000000e-07
1.7634000000e-05
6.3057000000e-05
4.1000000000e-07
1.7800000000e-07
1.3737000000e-05
6.3070000000e-05
4.6700000000e-07
1.7300000000e-07
1.7665000000e-05
6.2549000000e-05
4.3300000000e-07
1.6300000000e-07
1.0493000000e-05
6.3599000000e-05
4.5700000000e-07
1.8900000000e-07
1.4064000000e-05
6.2542000000e-05
4.4000000000e-07
1.6200000000e-07
1.3548000000e-05
6.2832000000e-05
4.1800000000e-07
1.7700000000e-07
2.5037000000e-05
6.3124000000e-05
4.9000000000e-07
1.7500000000e-07
1.3646000000e-05
6.2023000000e-05
4.2200000000e-07
1.6000000000e-07
1.1105000000e-05
6.3113000000e-05
4.2800000000e-07
1.8000000000e-07
7.1760000000e-06
6.3376000000e-05
4.4500000000e-07
1.7400000000e-07
1.7712000000e-05
6.3550000000e-05
4.5700000000e-07
1.7800000000e-07
1.3466000000e-05
6.2382000000e-05
4.1600000000e-07
1.8800000001e-07
1.9098000000e-05
6.3001000000e-05
4.2000000000e-07
1.7400000000e-07
1.3753000000e-05
6.3077000000e-05
4.3700000000e-07
1.6000000000e-07
1.0869000000e-05
6.2675000000e-05
4.2600000000e-07
1.7200000000e-07
1.3472000000e-05
6.3317000000e-05
4.2900000000e-07
1.8199999999e-07
1.1136000000e-05
6.3435000000e-05
3.7700000000e-07
1.6799999999e-07
1.3345000000e-05
6.3130000000e-05
4.7700000000e-07
1.8000000000e-07
1.7538000000e-05
6.3201000000e-05
4.4599999999e-07
1.7300000000e-07
1.4842000000e-05
6.2576000000e-05
4.1000000000e-07
1.8400000000e-07
1.7479000000e-05
6.3414000000e-05
4.2200000000e-07
1.7900000000e-07
1.3498000000e-05
6.2446000000e-05
4.6600000000e-07
1.7900000000e-07
1.7429000000e-05
6.3573000000e-05
3.9600000000e-07
1.7600000000e-07
1.3503000000e-05
6.3214000000e-05
4.0300000000e-07
1.6400000000e-07
1.7355000000e-05
6.3648000000e-05
4.2800000000e-07
1.7600000000e-07
1.3587000000e-05
6.2884000000e-05
4.1099999999e-07
1.6999999999e-07
1.9068000000e-05
6.2883000000e-05
3.9400000000e-07
1.5700000000e-07
1.3507000000e-05
6.2967000000e-05
4.3699999999e-07
1.8000000000e-07
1.7491000000e-05
6.3228000000e-05
7.8069800000e-04
3.7500000000e-07
2.0163000000e-05
6.5113000000e-05
5.0600000001e-07
1.6000000000e-07
1.3574000000e-05
6.3444000000e-05
4.3800000001e-07
1.7300000001e-07
1.9273000000e-05
6.5995000000e-05
4.0400000000e-07
1.6400000000e-07
7.1810000000e-06
7.3921000000e-05
4.1799999999e-07
1.6600000000e-07
1.7553000000e-05
6.3988000000e-05
4.4800000000e-07
1.8200000000e-07
7.0800000000e-06
6.3024000000e-05
4.3899999999e-07
1.5800000000e-07
1.7511000000e-05
6.3359000000e-05
4.0300000001e-07
1.7600000000e-07
1.3693000000e-05
6.2247000000e-05
4.0999999999e-07
1.6000000000e-07
1.7511000000e-05
6.3204000000e-05
4.3199999999e-07
1.8900000000e-07
1.5021000000e-05
6.3136000000e-05
4.2300000000e-07
1.8000000000e-07
1.7566000000e-05
6.2586000000e-05
4.1200000001e-07
1.6000000000e-07
1.3572000000e-05
6.3564000000e-05
4.4500000000e-07
1.7400000001e-07
1.7532000000e-05
6.3255000000e-05
3.9600000000e-07
1.7999999999e-07
1.3355000000e-05
6.3044000000e-05
4.2200000000e-07
1.6000000000e-07
1.7371000000e-05
6.4856000000e-05
4.2800000000e-07
1.7900000000e-07
1.3758000000e-05
6.3095000000e-05
4.5700000001e-07
1.7400000001e-07
1.9017000000e-05
6.3496000000e-05
4.3600000001e-07
1.7700000000e-07
1.3595000000e-05
6.2915000000e-05
4.4700000000e-07
1.7600000000e-07
1.7517000000e-05
6.3424000000e-05
4.2000000000e-07
1.6600000000e-07
1.3406000000e-05
6.4435000000e-05
4.1600000000e-07
1.7900000000e-07
1.1258000000e-05
6.3504000000e-05
4.3700000001e-07
1.6600000001e-07
1.3650000000e-05
6.3091000000e-05
4.3599999999e-07
1.5900000000e-07
1.7255000000e-05
6.2612000000e-05
4.2800000000e-07
1.7800000000e-07
1.5040000000e-05
6.2972000000e-05
4.3100000001e-07
1.6500000001e-07
1.7156000000e-05
6.3316000000e-05
4.1600000000e-07
1.8400000000e-07
1.0449000000e-05
6.3086000000e-05
4.4300000000e-07
1.5700000000e-07
1.4142000000e-05
6.2952000000e-05
4.4700000000e-07
1.7200000001e-07
1.3573000000e-05
6.2361000000e-05
4.5900000001e-07
1.7600000000e-07
1.4491000000e-05
6.3492000000e-05
4.3999999999e-07
1.7199999999e-07
7.2430000000e-06
6.2289000000e-05
4.0800000001e-07
1.8500000000e-07
1.5808000000e-05
6.2935000000e-05
4.3400000001e-07
1.9100000000e-07
1.3943000000e-05
6.3231000000e-05
4.0599999999e-07
1.8000000000e-07
1.7450000000e-05
6.3226000000e-05
4.1200000001e-07
1.9100000001e-07
1.3549000000e-05
6.3053000000e-05
3.9800000000e-07
1.7600000000e-07
1.7509000000e-05
6.2247000000e-05
4.1000000001e-07
1.7199999999e-07
1.3890000000e-05
6.3082000000e-05
4.1600000000e-07
1.8100000000e-07
1.7654000000e-05
6.2728000000e-05
3.9700000000e-07
1.7600000000e-07
1.5148000000e-05
6.2828000000e-05
3.9700000000e-07
1.6100000000e-07
1.7581000000e-05
6.5198000000e-05
4.2600000000e-07
2.0700000000e-07
1.3611000000e-05
6.2413000000e-05
4.3799999999e-07
1.6400000000e-07
1.7472000000e-05
6.2497000000e-05
4.2000000000e-07
1.7200000001e-07
1.3521000000e-05
6.2519000000e-05
4.4300000000e-07
1.8200000000e-07
1.7700000000e-05
6.3495000000e-05
4.1200000001e-07
1.5600000000e-07
1.3494000000e-05
6.2489000000e-05
4.2400000000e-07
1.7800000000e-07
1.9040000000e-05
6.3065000000e-05
4.5900000001e-07
1.7599999999e-07
1.3621000000e-05
6.3230000000e-05
4.4100000000e-07
1.6200000000e-07
1.7517000000e-05
6.2281000000e-05
4.3900000000e-07
1.7600000000e-07
1.3806000000e-05
6.3458000000e-05
4.5999999999e-07
1.6400000000e-07
1.7261000000e-05
6.2765000000e-05
4.3400000001e-07
1.7400000001e-07
1.3527000000e-05
6.3316000000e-05
4.3100000000e-07
1.7399999999e-07
1.9159000000e-05
6.3036000000e-05
4.0600000001e-07
1.6000000001e-07
1.3714000000e-05
7.0907000000e-05
4.5400000000e-07
1.8600000000e-07
1.1160000000e-05
6.3664000000e-05
