isend N: 3200
isend totaltime: 1.8806473000e-02
isend avg: 5.8770228125e-06
isend std-dev: 3.5401623474e-05
----
5.4730000000e-06
5.2400000000e-07
2.8700000000e-07
2.6400000000e-07
2.6200000000e-07
2.6600000000e-07
3.0300000000e-07
2.7500000000e-07
2.5800000000e-07
2.5900000000e-07
2.6200000000e-07
2.5800000000e-07
3.0300000000e-07
3.8200000000e-07
2.5200000000e-07
2.6800000000e-07
3.0600000000e-07
2.6700000000e-07
2.6000000000e-07
2.6000000000e-07
3.0600000000e-07
2.6000000000e-07
3.0100000000e-07
2.5700000000e-07
2.5100000000e-07
2.5800000000e-07
2.6200000000e-07
2.6300000000e-07
3.0100000000e-07
2.5600000000e-07
2.6600000000e-07
2.6100000000e-07
3.0000000000e-07
2.6400000000e-07
2.5800000000e-07
2.5300000000e-07
2.6300000000e-07
2.7700000000e-07
3.0700000000e-07
2.6000000000e-07
2.9700000000e-07
2.6100000000e-07
2.5400000000e-07
2.6400000000e-07
2.6600000000e-07
4.0700000000e-07
3.0400000000e-07
3.0800000000e-07
2.5600000000e-07
2.6400000000e-07
2.9300000000e-07
2.8200000000e-07
2.5600000000e-07
2.5800000000e-07
2.5800000000e-07
2.6000000000e-07
2.5700000000e-07
2.6100000000e-07
2.6200000000e-07
2.6500000000e-07
2.9900000000e-07
3.0300000000e-07
2.6000000000e-07
1.3573800000e-04
7.3600000000e-07
3.1800000000e-07
2.9700000000e-07
3.0500000000e-07
2.9500000000e-07
2.6100000000e-07
3.0500000000e-07
3.0600000000e-07
2.5400000000e-07
2.7200000000e-07
2.5700000000e-07
3.0600000000e-07
2.6400000000e-07
3.3400000000e-07
3.0600000000e-07
2.6200000000e-07
3.0900000000e-07
2.5700000000e-07
2.5200000000e-07
2.6800000000e-07
3.0400000000e-07
2.5900000000e-07
2.6400000000e-07
2.5400000000e-07
2.9700000000e-07
2.6300000000e-07
2.5800000000e-07
2.6000000000e-07
2.6700000000e-07
2.7800000000e-07
3.1800000000e-07
2.6700000000e-07
3.0600000000e-07
2.6600000000e-07
2.6000000000e-07
2.5100000000e-07
3.0100000000e-07
2.6600000000e-07
2.9500000000e-07
2.6100000000e-07
2.6200000000e-07
2.7100000000e-07
2.9500000000e-07
2.6200000000e-07
2.5600000000e-07
3.5900000000e-07
2.9900000000e-07
2.7500000000e-07
3.0900000000e-07
2.6000000000e-07
2.9700000000e-07
2.8600000000e-07
3.5400000000e-07
2.6200000000e-07
2.5500000000e-07
2.6400000000e-07
2.5600000000e-07
2.5600000000e-07
2.5400000000e-07
2.5800000000e-07
2.7300000000e-07
3.0300000000e-07
2.5700000000e-07
1.0515800000e-04
6.5000000000e-07
3.1400000000e-07
3.0700000000e-07
2.6600000000e-07
3.0500000000e-07
2.6300000000e-07
2.5600000000e-07
2.5400000000e-07
3.0100000000e-07
2.6100000000e-07
2.5000000000e-07
2.6600000000e-07
3.0100000000e-07
3.3600000000e-07
3.0400000000e-07
3.6600000000e-07
3.0600000000e-07
2.5800000000e-07
2.5400000000e-07
2.5800000000e-07
2.9500000000e-07
2.5700000000e-07
2.9700000000e-07
2.6200000000e-07
2.9300000000e-07
3.0600000000e-07
2.6000000000e-07
2.6000000000e-07
2.6000000000e-07
3.0000000000e-07
2.6000000000e-07
3.6100000000e-07
2.9100000000e-07
2.6000000000e-07
2.5600000000e-07
2.6200000000e-07
2.6100000000e-07
2.5800000000e-07
2.6200000000e-07
3.1800000000e-07
2.5600000000e-07
2.5800000000e-07
2.4800000000e-07
2.5900000000e-07
2.5800000000e-07
3.8100000000e-07
3.0100000000e-07
3.4000000000e-07
2.5700000000e-07
2.5600000000e-07
2.9500000000e-07
2.6200000000e-07
3.2800000000e-07
3.3800000000e-07
2.6100000000e-07
2.6200000000e-07
3.2100000000e-07
2.6100000000e-07
2.6000000000e-07
2.5600000000e-07
2.9100000000e-07
2.6300000000e-07
3.0900000000e-07
1.0050200000e-04
6.4700000000e-07
3.1200000000e-07
2.5000000000e-07
2.7000000000e-07
3.0300000000e-07
2.6400000000e-07
3.0400000000e-07
2.6400000000e-07
3.1100000000e-07
2.5500000000e-07
2.6000000000e-07
2.6400000000e-07
3.0100000000e-07
3.3700000000e-07
3.0700000000e-07
3.6500000000e-07
3.1900000000e-07
2.6000000000e-07
3.0700000000e-07
2.5900000000e-07
3.0000000000e-07
2.6600000000e-07
2.5600000000e-07
2.5900000000e-07
2.9700000000e-07
2.6400000000e-07
2.5400000000e-07
2.6000000000e-07
2.6300000000e-07
3.0500000000e-07
2.6400000000e-07
3.4300000000e-07
2.7000000000e-07
2.6100000000e-07
2.6400000000e-07
2.6000000000e-07
3.0800000000e-07
2.6200000000e-07
2.6800000000e-07
2.6300000000e-07
2.5900000000e-07
2.5800000000e-07
2.9900000000e-07
2.6600000000e-07
2.9700000000e-07
3.8100000000e-07
3.0300000000e-07
3.5700000000e-07
2.5200000000e-07
2.6000000000e-07
3.0200000000e-07
2.6500000000e-07
2.6400000000e-07
2.8700000000e-07
3.1400000000e-07
2.6000000000e-07
2.5800000000e-07
2.6700000000e-07
3.1700000000e-07
2.6300000000e-07
3.0100000000e-07
3.0300000000e-07
2.9800000000e-07
1.0043200000e-04
6.2900000000e-07
3.0300000000e-07
2.6100000000e-07
2.5900000000e-07
3.0300000000e-07
3.0100000000e-07
2.6500000000e-07
3.0900000000e-07
2.8300000000e-07
2.5600000000e-07
3.0100000000e-07
2.6900000000e-07
3.0100000000e-07
3.4200000000e-07
3.2400000000e-07
3.3400000000e-07
2.9900000000e-07
2.6500000000e-07
3.0100000000e-07
2.6600000000e-07
3.0600000000e-07
2.6000000000e-07
3.0100000000e-07
2.6100000000e-07
2.6200000000e-07
2.6200000000e-07
2.6300000000e-07
2.6100000000e-07
3.1100000000e-07
3.0000000000e-07
3.0300000000e-07
3.4800000000e-07
3.0400000000e-07
3.1100000000e-07
3.0300000000e-07
2.6000000000e-07
2.6400000000e-07
2.6700000000e-07
2.6400000000e-07
2.6000000000e-07
2.5400000000e-07
2.6900000000e-07
2.5800000000e-07
2.6600000000e-07
3.0400000000e-07
3.4200000000e-07
2.6800000000e-07
3.8800000000e-07
3.0700000000e-07
2.7100000000e-07
2.5600000000e-07
2.5800000000e-07
2.6700000000e-07
2.6900000000e-07
2.7300000000e-07
2.8900000000e-07
2.5600000000e-07
2.6400000000e-07
3.0500000000e-07
2.6700000000e-07
2.6000000000e-07
2.6200000000e-07
2.6300000000e-07
9.9928000000e-05
6.3900000000e-07
3.2200000000e-07
3.0500000000e-07
2.6300000000e-07
3.0300000000e-07
2.6200000000e-07
2.6000000000e-07
3.0800000000e-07
2.6400000000e-07
2.6000000000e-07
2.5900000000e-07
2.6000000000e-07
3.0100000000e-07
3.7900000000e-07
3.0600000000e-07
3.4000000000e-07
3.0100000000e-07
2.6000000000e-07
2.7100000000e-07
2.5400000000e-07
2.9900000000e-07
2.6300000000e-07
2.9500000000e-07
2.6400000000e-07
3.0600000000e-07
2.6200000000e-07
2.9900000000e-07
2.6100000000e-07
3.0200000000e-07
2.6400000000e-07
3.0300000000e-07
3.3700000000e-07
3.1100000000e-07
2.6400000000e-07
3.0600000000e-07
2.6400000000e-07
2.5700000000e-07
2.6700000000e-07
2.6200000000e-07
2.7700000000e-07
3.0700000000e-07
2.5600000000e-07
3.0600000000e-07
2.6600000000e-07
2.6500000000e-07
3.3800000000e-07
2.5600000000e-07
3.4200000000e-07
2.9900000000e-07
2.6500000000e-07
3.0700000000e-07
2.6400000000e-07
3.1000000000e-07
2.6400000000e-07
2.9800000000e-07
2.7300000000e-07
3.5100000000e-07
2.5400000000e-07
2.9500000000e-07
2.6000000000e-07
3.0100000000e-07
2.6500000000e-07
2.6000000000e-07
9.9844000000e-05
5.9800000000e-07
3.1000000000e-07
3.0300000000e-07
3.0300000000e-07
3.0800000000e-07
2.6600000000e-07
3.0400000000e-07
2.6200000000e-07
3.0300000000e-07
2.6000000000e-07
3.0400000000e-07
2.6800000000e-07
2.6400000000e-07
3.7700000000e-07
3.0500000000e-07
3.3800000000e-07
2.9700000000e-07
2.6700000000e-07
3.0700000000e-07
2.5800000000e-07
3.0800000000e-07
2.6800000000e-07
3.0300000000e-07
2.5700000000e-07
3.0500000000e-07
2.6400000000e-07
2.6300000000e-07
2.5800000000e-07
2.5200000000e-07
3.0100000000e-07
2.5700000000e-07
3.3600000000e-07
2.9300000000e-07
2.5800000000e-07
2.9700000000e-07
2.7900000000e-07
3.0100000000e-07
2.5900000000e-07
3.0000000000e-07
2.5800000000e-07
2.9900000000e-07
2.6400000000e-07
2.9900000000e-07
2.6400000000e-07
2.9900000000e-07
3.7900000000e-07
3.0300000000e-07
3.4400000000e-07
2.5400000000e-07
2.5200000000e-07
5.1652000000e-05
4.5500000000e-07
1.9600000000e-07
1.7200000000e-07
1.0607000000e-05
2.1500000000e-07
1.6600000000e-07
1.7000000000e-07
1.4824000000e-05
2.6000000000e-07
1.7600000000e-07
1.7000000000e-07
1.0193000000e-05
8.0386000000e-05
5.8200000000e-07
1.9900000000e-07
1.5107000000e-05
2.9100000000e-07
1.6800000000e-07
1.4600000000e-07
1.4832000000e-05
3.0300000000e-07
1.6000000000e-07
1.5300000000e-07
1.6866000000e-05
2.1800000000e-07
1.7100000000e-07
1.5100000000e-07
9.5990000000e-06
2.1600000000e-07
1.6600000000e-07
1.5300000000e-07
1.4015000000e-05
2.3000000000e-07
1.5400000000e-07
1.5100000000e-07
9.9270000000e-06
2.2000000000e-07
1.6200000000e-07
1.5300000000e-07
1.0482000000e-05
2.0800000000e-07
1.6100000000e-07
1.6700000000e-07
6.8030000000e-06
1.8700000000e-07
1.5500000000e-07
1.5600000000e-07
1.8099000000e-05
2.2900000000e-07
1.5200000000e-07
1.5800000000e-07
1.2789000000e-05
1.9300000000e-07
1.5800000000e-07
1.6800000000e-07
1.6577000000e-05
1.9900000000e-07
1.6400000000e-07
1.5300000000e-07
1.2798000000e-05
2.1600000000e-07
1.6400000000e-07
1.5200000000e-07
1.0572000000e-05
2.1900000000e-07
1.6200000000e-07
1.6600000000e-07
1.3031000000e-05
2.1300000000e-07
1.5600000000e-07
1.4800000000e-07
9.7950000000e-06
2.2300000000e-07
1.5500000000e-07
1.5500000000e-07
1.4247000000e-05
8.0563000000e-05
4.8100000000e-07
1.8100000000e-07
1.7777000000e-05
2.2600000000e-07
1.5500000000e-07
1.5600000000e-07
1.3753000000e-05
2.0500000000e-07
1.7800000000e-07
1.6400000000e-07
1.6534000000e-05
2.3100000000e-07
1.5000000000e-07
1.4800000000e-07
1.2732000000e-05
2.2700000000e-07
2.5700000000e-07
1.5100000000e-07
2.2809000000e-05
2.4400000000e-07
1.5200000000e-07
1.6500000000e-07
9.5620000000e-06
2.3900000000e-07
1.4600000000e-07
1.5600000000e-07
1.5297000000e-05
2.2100000000e-07
1.7200000000e-07
1.8300000000e-07
1.3066000000e-05
2.3100000000e-07
1.6000000000e-07
1.5000000000e-07
1.3152000000e-05
2.2200000000e-07
1.5300000000e-07
1.5400000000e-07
9.5500000000e-06
2.0300000000e-07
1.5500000000e-07
1.6200000000e-07
1.6323000000e-05
2.1500000000e-07
1.5000000000e-07
1.5100000000e-07
1.2745000000e-05
2.1900000000e-07
1.5800000000e-07
1.5000000000e-07
1.7157000000e-05
2.2100000000e-07
1.5300000000e-07
1.6600000000e-07
1.4360000000e-05
2.1100000000e-07
1.5300000000e-07
1.5300000000e-07
1.6540000000e-05
2.2900000000e-07
1.5100000000e-07
1.5600000000e-07
1.2748000000e-05
7.7785000000e-05
5.0200000000e-07
1.8900000000e-07
1.7482000000e-05
2.0500000000e-07
1.5500000000e-07
1.7600000000e-07
9.6790000000e-06
2.0500000000e-07
2.5400000000e-07
1.5400000000e-07
1.3228000000e-05
2.5600000000e-07
1.6400000000e-07
1.5200000000e-07
1.2703000000e-05
2.0700000000e-07
2.4800000000e-07
1.5500000000e-07
1.7868000000e-05
2.2000000000e-07
1.5400000000e-07
1.5200000000e-07
9.5370000000e-06
2.1300000000e-07
1.5400000000e-07
1.5400000000e-07
1.3371000000e-05
2.1700000000e-07
1.8400000000e-07
1.5600000000e-07
1.2880000000e-05
2.2500000000e-07
1.6200000000e-07
1.5000000000e-07
1.2988000000e-05
2.2300000000e-07
1.5000000000e-07
1.4900000000e-07
9.7080000000e-06
2.0900000000e-07
1.5400000000e-07
1.5200000000e-07
1.6320000000e-05
2.1500000000e-07
1.5500000000e-07
1.5200000000e-07
2.3433000000e-05
2.2800000000e-07
1.6200000000e-07
1.5200000000e-07
1.5482000000e-05
2.1700000000e-07
1.6000000000e-07
1.5800000000e-07
1.6584000000e-05
2.3700000000e-07
1.5600000000e-07
1.5400000000e-07
1.2714000000e-05
2.0400000000e-07
1.5100000000e-07
1.5400000000e-07
1.6292000000e-05
7.9081000000e-05
4.6500000000e-07
1.8000000000e-07
1.3558000000e-05
2.1500000000e-07
1.6000000000e-07
1.5000000000e-07
1.8534000000e-05
2.3000000000e-07
1.5800000000e-07
1.7200000000e-07
1.2878000000e-05
2.0500000000e-07
2.0400000000e-07
1.5300000000e-07
1.0157000000e-05
2.3300000000e-07
2.1900000000e-07
1.4800000000e-07
6.2870000000e-06
2.1600000000e-07
1.4900000000e-07
1.5800000000e-07
1.6620000000e-05
2.2900000000e-07
1.4800000000e-07
1.6800000000e-07
1.2857000000e-05
2.1100000000e-07
1.6800000000e-07
1.5800000000e-07
1.6472000000e-05
2.2200000000e-07
1.5100000000e-07
1.5200000000e-07
7.8980000000e-06
1.9900000000e-07
1.5700000000e-07
1.4900000000e-07
1.6222000000e-05
2.1800000000e-07
1.6400000000e-07
1.5900000000e-07
1.2815000000e-05
2.0700000000e-07
1.6000000000e-07
1.4800000000e-07
1.6179000000e-05
2.3600000000e-07
1.7200000000e-07
1.5100000000e-07
1.3425000000e-05
2.1900000000e-07
1.5700000000e-07
1.5300000000e-07
1.6636000000e-05
2.2900000000e-07
1.5200000000e-07
1.5100000000e-07
1.2681000000e-05
2.2000000000e-07
1.4900000000e-07
1.5200000000e-07
1.1474000000e-05
7.8290000000e-05
5.1800000000e-07
1.6600000000e-07
1.3526000000e-05
2.4400000000e-07
1.5700000000e-07
1.4600000000e-07
1.6687000000e-05
1.9700000000e-07
1.5600000000e-07
1.5400000000e-07
1.2566000000e-05
2.4200000000e-07
1.5300000000e-07
1.5000000000e-07
1.6558000000e-05
2.5900000000e-07
2.7800000000e-07
1.7000000000e-07
1.2613000000e-05
2.2100000000e-07
1.5200000000e-07
1.5200000000e-07
1.6521000000e-05
2.1900000000e-07
1.5800000000e-07
1.5200000000e-07
1.4099000000e-05
1.9500000000e-07
1.6000000000e-07
1.5300000000e-07
1.6423000000e-05
2.5400000000e-07
1.4900000000e-07
1.5000000000e-07
1.2687000000e-05
1.8700000000e-07
1.5100000000e-07
1.5400000000e-07
1.3281000000e-05
2.2600000000e-07
1.6200000000e-07
1.6200000000e-07
6.3240000000e-06
2.0100000000e-07
2.6500000000e-07
1.5200000000e-07
1.3197000000e-05
2.4000000000e-07
1.5600000000e-07
1.6100000000e-07
1.2718000000e-05
1.9700000000e-07
1.5000000000e-07
1.5100000000e-07
1.7946000000e-05
2.1500000000e-07
1.5400000000e-07
1.5400000000e-07
9.5270000000e-06
2.2100000000e-07
1.6400000000e-07
1.5200000000e-07
1.3113000000e-05
7.9090000000e-05
4.5300000000e-07
1.8700000000e-07
1.3687000000e-05
2.0100000000e-07
1.5000000000e-07
1.4900000000e-07
1.6607000000e-05
2.3300000000e-07
1.6400000000e-07
1.5400000000e-07
1.2810000000e-05
2.0300000000e-07
1.6800000000e-07
1.5200000000e-07
1.3031000000e-05
2.1500000000e-07
2.4800000000e-07
1.4800000000e-07
1.1048000000e-05
2.1300000000e-07
1.5400000000e-07
1.5700000000e-07
1.6706000000e-05
2.3000000000e-07
1.4900000000e-07
1.5000000000e-07
1.2654000000e-05
2.3200000000e-07
1.5400000000e-07
1.5500000000e-07
1.6175000000e-05
2.0600000000e-07
1.5700000000e-07
1.5200000000e-07
1.2677000000e-05
1.9900000000e-07
1.4400000000e-07
1.5400000000e-07
1.6207000000e-05
2.1700000000e-07
1.5700000000e-07
1.5300000000e-07
1.2644000000e-05
2.0500000000e-07
1.5400000000e-07
1.4800000000e-07
2.4015000000e-05
2.4200000000e-07
1.5600000000e-07
1.5600000000e-07
6.2770000000e-06
1.9800000000e-07
1.4800000000e-07
1.5200000000e-07
1.6500000000e-05
2.2700000000e-07
1.5200000000e-07
1.7000000000e-07
6.3320000000e-06
1.9900000000e-07
1.4600000000e-07
1.5400000000e-07
1.6220000000e-05
7.9684000000e-05
4.2200000000e-07
1.8800000000e-07
7.3000000000e-06
2.1500000000e-07
1.4800000000e-07
1.5100000000e-07
1.8046000000e-05
2.2100000000e-07
1.5200000000e-07
1.5100000000e-07
1.2681000000e-05
2.2600000000e-07
1.5300000000e-07
1.5200000000e-07
1.6491000000e-05
2.1900000000e-07
2.1900000000e-07
1.5200000000e-07
1.3041000000e-05
1.9700000000e-07
1.5400000000e-07
1.5000000000e-07
1.6427000000e-05
2.3600000000e-07
1.5600000000e-07
1.5200000000e-07
9.4990000000e-06
2.1100000000e-07
1.4900000000e-07
1.5200000000e-07
1.3304000000e-05
2.3500000000e-07
1.5600000000e-07
1.6400000000e-07
1.1345000000e-05
2.2100000000e-07
1.5100000000e-07
1.5400000000e-07
1.3629000000e-05
2.1900000000e-07
1.6000000000e-07
1.5400000000e-07
9.8940000000e-06
1.9900000000e-07
1.5400000000e-07
1.5200000000e-07
1.3382000000e-05
2.2000000000e-07
1.6200000000e-07
1.6600000000e-07
1.2635000000e-05
2.0200000000e-07
1.5600000000e-07
1.6000000000e-07
1.3238000000e-05
2.2600000000e-07
1.5600000000e-07
1.6100000000e-07
9.5000000000e-06
2.0500000000e-07
1.6000000000e-07
1.5400000000e-07
1.4662000000e-05
8.1858000000e-05
4.6500000000e-07
1.8100000000e-07
1.3617000000e-05
1.8700000000e-07
1.5200000000e-07
1.5300000000e-07
1.6626000000e-05
2.1900000000e-07
1.5400000000e-07
1.5200000000e-07
1.2537000000e-05
2.2500000000e-07
1.6000000000e-07
1.5300000000e-07
6.3090000000e-06
2.2300000000e-07
1.5600000000e-07
1.5300000000e-07
1.3468000000e-05
2.1900000000e-07
1.5700000000e-07
1.5400000000e-07
1.2624000000e-05
2.0700000000e-07
1.5500000000e-07
1.5100000000e-07
1.7841000000e-05
2.1700000000e-07
1.7400000000e-07
1.7000000000e-07
1.2699000000e-05
2.1800000000e-07
1.5100000000e-07
1.4900000000e-07
1.6495000000e-05
2.2900000000e-07
1.5600000000e-07
1.5000000000e-07
1.2687000000e-05
2.1500000000e-07
1.5800000000e-07
1.5400000000e-07
1.6425000000e-05
2.1500000000e-07
8.7810900000e-04
3.5500000000e-07
1.1438000000e-05
2.1300000000e-07
1.5000000000e-07
1.8800000000e-07
1.7238000000e-05
2.4400000000e-07
1.5500000000e-07
1.5200000000e-07
1.2923000000e-05
2.1700000000e-07
1.5800000000e-07
1.5000000000e-07
1.6250000000e-05
2.0900000000e-07
1.5100000000e-07
1.5400000000e-07
1.3087000000e-05
8.1545000000e-05
4.4900000000e-07
1.9900000000e-07
1.7591000000e-05
2.3500000000e-07
1.5200000000e-07
1.5600000000e-07
1.2759000000e-05
1.8000000000e-07
1.5400000000e-07
1.5200000000e-07
1.5023000000e-05
2.0300000000e-07
1.5400000000e-07
1.5000000000e-07
6.6410000000e-06
1.9900000000e-07
1.4600000000e-07
1.5200000000e-07
1.3373000000e-05
2.2200000000e-07
1.5100000000e-07
1.5400000000e-07
9.5660000000e-06
2.1100000000e-07
1.5800000000e-07
1.5400000000e-07
1.3259000000e-05
2.3100000000e-07
1.5000000000e-07
1.5000000000e-07
1.2732000000e-05
1.9700000000e-07
1.5300000000e-07
1.5400000000e-07
1.6101000000e-05
2.4400000000e-07
1.5200000000e-07
1.6400000000e-07
1.4230000000e-05
2.0700000000e-07
1.4800000000e-07
1.5100000000e-07
1.6048000000e-05
2.3100000000e-07
1.5000000000e-07
1.5300000000e-07
6.2980000000e-06
2.2100000000e-07
1.4800000000e-07
1.5200000000e-07
9.9310000000e-06
2.3300000000e-07
1.6200000000e-07
1.5200000000e-07
1.2666000000e-05
1.9500000000e-07
1.6200000000e-07
1.5000000000e-07
1.6193000000e-05
2.2500000000e-07
1.5100000000e-07
1.6200000000e-07
6.4080000000e-06
7.8530000000e-05
5.0400000000e-07
1.7600000000e-07
1.2697000000e-05
2.3900000000e-07
1.5300000000e-07
1.8100000000e-07
1.2709000000e-05
1.8700000000e-07
1.7600000000e-07
1.5400000000e-07
9.9510000000e-06
2.2100000000e-07
1.4900000000e-07
1.5400000000e-07
6.7260000000e-06
2.3000000000e-07
1.8000000000e-07
1.5100000000e-07
1.6719000000e-05
2.2900000000e-07
1.5400000000e-07
1.5000000000e-07
1.2568000000e-05
2.0500000000e-07
1.5400000000e-07
1.5300000000e-07
1.6403000000e-05
2.2400000000e-07
1.4600000000e-07
1.5400000000e-07
7.7890000000e-06
2.2500000000e-07
1.5300000000e-07
1.5000000000e-07
1.0021000000e-05
2.2800000000e-07
1.6300000000e-07
1.5200000000e-07
1.2712000000e-05
1.9100000000e-07
1.5100000000e-07
1.4900000000e-07
1.6515000000e-05
2.3600000000e-07
1.5000000000e-07
1.5000000000e-07
1.2749000000e-05
2.1100000000e-07
1.4800000000e-07
1.5300000000e-07
1.6212000000e-05
2.1800000000e-07
1.6200000000e-07
1.7800000000e-07
1.2724000000e-05
2.0500000000e-07
1.5800000000e-07
1.5300000000e-07
1.8122000000e-05
2.1600000000e-07
1.5300000000e-07
1.5200000000e-07
6.2770000000e-06
7.9676000000e-05
4.4700000000e-07
1.8200000000e-07
1.7470000000e-05
2.3000000000e-07
1.5000000000e-07
1.5400000000e-07
6.3370000000e-06
2.1500000000e-07
1.5200000000e-07
1.5000000000e-07
2.2981000000e-05
2.6300000000e-07
1.7200000000e-07
1.5300000000e-07
1.2761000000e-05
2.1500000000e-07
1.4900000000e-07
1.5600000000e-07
1.5060000000e-05
2.2800000000e-07
1.5300000000e-07
1.5400000000e-07
9.5560000000e-06
2.1200000000e-07
1.5500000000e-07
1.6400000000e-07
1.6528000000e-05
2.3300000000e-07
1.5600000000e-07
1.5800000000e-07
1.2773000000e-05
2.2100000000e-07
1.5400000000e-07
1.5400000000e-07
1.6507000000e-05
2.1500000000e-07
1.5400000000e-07
1.5500000000e-07
2.1112000000e-05
3.0300000000e-07
1.5600000000e-07
1.5300000000e-07
1.6462000000e-05
2.4300000000e-07
1.5000000000e-07
1.5400000000e-07
1.1094000000e-05
2.1500000000e-07
1.5500000000e-07
1.5600000000e-07
1.3044000000e-05
2.2500000000e-07
1.5400000000e-07
1.5400000000e-07
9.5620000000e-06
2.0100000000e-07
1.5600000000e-07
1.5200000000e-07
1.3150000000e-05
2.2500000000e-07
1.5800000000e-07
1.5500000000e-07
1.2804000000e-05
7.8961000000e-05
4.6500000000e-07
1.9600000000e-07
1.7468000000e-05
2.1900000000e-07
1.5000000000e-07
1.5300000000e-07
1.2841000000e-05
1.9300000000e-07
1.5000000000e-07
1.5500000000e-07
1.8183000000e-05
2.2900000000e-07
1.4400000000e-07
1.5300000000e-07
1.2778000000e-05
1.9700000000e-07
1.4900000000e-07
1.5600000000e-07
1.6310000000e-05
2.1100000000e-07
1.7600000000e-07
1.5300000000e-07
1.2746000000e-05
2.2500000000e-07
1.7000000000e-07
1.7000000000e-07
1.0167000000e-05
2.2100000000e-07
1.5000000000e-07
1.5600000000e-07
1.2711000000e-05
2.1100000000e-07
1.6000000000e-07
1.5400000000e-07
1.6197000000e-05
2.3700000000e-07
1.5400000000e-07
1.7800000000e-07
1.4454000000e-05
2.3000000000e-07
1.5100000000e-07
1.6300000000e-07
9.5460000000e-06
2.1100000000e-07
1.5400000000e-07
1.5500000000e-07
1.6507000000e-05
2.2500000000e-07
1.5600000000e-07
1.5000000000e-07
1.2856000000e-05
2.3700000000e-07
1.6400000000e-07
1.5200000000e-07
1.6259000000e-05
2.4400000000e-07
1.5000000000e-07
1.5600000000e-07
9.5490000000e-06
2.6300000000e-07
1.5800000000e-07
1.5200000000e-07
1.2991000000e-05
8.0358000000e-05
4.6300000000e-07
1.7400000000e-07
1.5390000000e-05
2.0900000000e-07
1.5200000000e-07
1.5100000000e-07
1.6561000000e-05
2.3600000000e-07
1.5500000000e-07
1.4800000000e-07
1.3013000000e-05
2.1300000000e-07
1.5000000000e-07
1.5200000000e-07
1.6492000000e-05
2.3500000000e-07
1.5200000000e-07
1.5200000000e-07
9.5530000000e-06
2.1700000000e-07
1.4900000000e-07
1.5400000000e-07
1.3075000000e-05
2.0900000000e-07
1.5200000000e-07
1.5500000000e-07
9.5230000000e-06
2.0000000000e-07
1.7500000000e-07
1.7000000000e-07
1.4584000000e-05
2.3800000000e-07
1.5400000000e-07
1.6400000000e-07
9.5520000000e-06
2.2900000000e-07
1.5400000000e-07
1.5400000000e-07
1.3195000000e-05
2.2200000000e-07
1.5400000000e-07
1.5200000000e-07
1.2744000000e-05
2.0300000000e-07
1.5300000000e-07
1.5600000000e-07
1.6120000000e-05
2.5400000000e-07
1.5200000000e-07
1.5500000000e-07
1.2778000000e-05
2.2300000000e-07
1.6200000000e-07
1.5200000000e-07
1.6160000000e-05
2.2800000000e-07
1.6200000000e-07
1.8200000000e-07
1.4599000000e-05
2.2800000000e-07
1.5200000000e-07
1.5100000000e-07
1.3013000000e-05
7.8956000000e-05
4.1700000000e-07
1.7600000000e-07
1.0549000000e-05
2.3500000000e-07
1.5400000000e-07
1.5000000000e-07
2.2921000000e-05
2.3600000000e-07
1.5400000000e-07
1.5700000000e-07
6.2830000000e-06
1.9900000000e-07
1.5600000000e-07
1.5000000000e-07
1.6525000000e-05
2.3400000000e-07
1.5000000000e-07
1.5300000000e-07
7.8310000000e-06
2.0000000000e-07
1.5200000000e-07
1.5200000000e-07
9.9470000000e-06
2.0700000000e-07
1.5400000000e-07
1.5200000000e-07
1.2666000000e-05
2.0300000000e-07
1.5200000000e-07
1.5400000000e-07
1.6628000000e-05
2.2200000000e-07
1.5800000000e-07
1.5300000000e-07
1.2845000000e-05
2.3000000000e-07
1.5200000000e-07
1.5600000000e-07
1.6156000000e-05
2.4800000000e-07
1.4600000000e-07
1.5400000000e-07
1.2737000000e-05
2.1900000000e-07
1.5400000000e-07
1.5500000000e-07
1.7720000000e-05
2.4000000000e-07
1.5700000000e-07
1.5200000000e-07
6.3510000000e-06
2.2300000000e-07
1.6000000000e-07
1.5600000000e-07
1.6333000000e-05
2.1900000000e-07
1.6400000000e-07
1.6200000000e-07
1.2726000000e-05
2.4400000000e-07
1.5000000000e-07
1.5200000000e-07
1.6263000000e-05
7.9307000000e-05
4.4300000000e-07
1.7800000000e-07
1.3706000000e-05
1.9900000000e-07
1.5000000000e-07
1.6000000000e-07
1.6962000000e-05
2.2300000000e-07
1.5200000000e-07
1.5200000000e-07
1.4166000000e-05
2.2500000000e-07
1.5600000000e-07
1.5500000000e-07
1.6539000000e-05
2.3700000000e-07
1.4600000000e-07
1.4900000000e-07
6.2570000000e-06
2.2100000000e-07
1.5800000000e-07
1.5400000000e-07
1.6482000000e-05
2.2300000000e-07
1.5000000000e-07
1.5400000000e-07
1.2708000000e-05
2.1400000000e-07
1.5700000000e-07
1.5400000000e-07
1.6486000000e-05
2.3800000000e-07
1.5400000000e-07
1.6000000000e-07
8.5950000000e-06
2.2300000000e-07
1.5000000000e-07
1.5200000000e-07
2.1064000000e-05
2.5200000000e-07
1.5300000000e-07
1.6800000000e-07
9.5910000000e-06
2.3600000000e-07
1.5000000000e-07
1.5000000000e-07
1.6681000000e-05
2.5000000000e-07
1.5100000000e-07
1.6400000000e-07
1.2706000000e-05
2.1700000000e-07
1.4800000000e-07
1.5100000000e-07
1.6349000000e-05
2.3800000000e-07
1.6100000000e-07
1.5600000000e-07
1.2742000000e-05
2.1500000000e-07
1.5100000000e-07
1.6200000000e-07
1.6332000000e-05
8.1589000000e-05
4.8100000000e-07
1.9100000000e-07
1.5529000000e-05
2.1100000000e-07
1.5300000000e-07
1.7000000000e-07
1.3552000000e-05
2.1400000000e-07
1.5300000000e-07
1.6400000000e-07
9.4520000000e-06
2.2300000000e-07
1.6600000000e-07
1.5400000000e-07
1.6519000000e-05
2.2600000000e-07
1.4900000000e-07
1.5200000000e-07
1.2704000000e-05
2.0500000000e-07
1.5500000000e-07
1.5500000000e-07
1.6526000000e-05
2.1700000000e-07
1.5200000000e-07
1.5900000000e-07
1.2780000000e-05
2.0300000000e-07
1.5300000000e-07
1.5300000000e-07
1.8085000000e-05
2.3200000000e-07
1.5100000000e-07
1.5200000000e-07
9.7240000000e-06
2.1700000000e-07
1.5600000000e-07
1.5200000000e-07
9.9040000000e-06
2.4400000000e-07
1.6000000000e-07
1.5600000000e-07
9.6020000000e-06
2.2600000000e-07
8.2376500000e-04
3.7700000000e-07
1.6849000000e-05
2.0900000000e-07
1.5300000000e-07
1.5400000000e-07
1.5230000000e-05
2.1700000000e-07
1.4900000000e-07
1.5300000000e-07
1.6488000000e-05
2.2100000000e-07
1.5200000000e-07
1.5800000000e-07
1.2672000000e-05
2.1200000000e-07
1.5500000000e-07
1.6600000000e-07
1.6253000000e-05
8.2104000000e-05
5.0200000000e-07
1.8200000000e-07
1.4007000000e-05
2.1100000000e-07
1.5200000000e-07
1.5400000000e-07
1.3564000000e-05
2.4200000000e-07
1.5400000000e-07
1.6200000000e-07
9.5120000000e-06
2.1500000000e-07
1.7200000000e-07
1.5400000000e-07
1.8365000000e-05
2.4800000000e-07
1.5400000000e-07
1.5400000000e-07
1.2672000000e-05
2.0700000000e-07
1.5500000000e-07
1.5000000000e-07
1.6476000000e-05
2.6100000000e-07
1.5800000000e-07
1.4800000000e-07
9.5620000000e-06
2.1700000000e-07
1.5200000000e-07
1.4800000000e-07
1.3365000000e-05
2.2600000000e-07
1.5500000000e-07
1.5100000000e-07
1.2661000000e-05
2.2300000000e-07
1.5200000000e-07
1.4800000000e-07
1.6283000000e-05
2.3000000000e-07
1.5000000000e-07
1.5900000000e-07
1.4291000000e-05
2.1700000000e-07
1.5200000000e-07
1.5800000000e-07
1.6415000000e-05
2.5400000000e-07
1.5000000000e-07
1.5600000000e-07
1.2558000000e-05
1.9800000000e-07
1.5800000000e-07
1.5000000000e-07
1.6486000000e-05
2.2800000000e-07
1.5600000000e-07
1.5100000000e-07
6.2790000000e-06
2.2700000000e-07
1.6400000000e-07
1.5600000000e-07
1.6519000000e-05
8.1180000000e-05
4.6100000000e-07
1.8000000000e-07
1.3576000000e-05
2.1300000000e-07
1.4800000000e-07
1.5200000000e-07
1.8285000000e-05
2.2300000000e-07
1.5200000000e-07
1.5100000000e-07
1.2790000000e-05
2.0700000000e-07
1.5400000000e-07
1.5300000000e-07
1.6395000000e-05
2.3600000000e-07
1.5100000000e-07
1.5200000000e-07
1.2693000000e-05
2.4400000000e-07
1.5600000000e-07
1.5500000000e-07
1.6479000000e-05
2.5800000000e-07
1.5400000000e-07
1.5400000000e-07
6.2480000000e-06
2.0500000000e-07
1.4800000000e-07
1.5700000000e-07
1.6604000000e-05
2.1500000000e-07
1.5800000000e-07
1.8000000000e-07
1.3953000000e-05
2.2500000000e-07
1.5400000000e-07
1.5800000000e-07
6.3580000000e-06
2.2700000000e-07
1.5200000000e-07
1.5000000000e-07
1.3074000000e-05
2.4600000000e-07
1.5400000000e-07
1.4800000000e-07
9.4860000000e-06
2.2100000000e-07
1.5600000000e-07
1.5400000000e-07
1.2898000000e-05
2.2900000000e-07
1.5500000000e-07
1.6400000000e-07
1.2671000000e-05
1.9700000000e-07
1.5500000000e-07
1.5200000000e-07
1.7714000000e-05
2.5400000000e-07
1.5200000000e-07
1.6400000000e-07
1.3040000000e-05
8.0534000000e-05
4.2600000000e-07
1.7200000000e-07
1.4455000000e-05
2.1800000000e-07
1.5900000000e-07
1.5000000000e-07
9.6150000000e-06
1.9400000000e-07
1.5400000000e-07
1.5400000000e-07
1.6789000000e-05
2.3100000000e-07
1.5400000000e-07
1.5400000000e-07
9.5060000000e-06
2.1700000000e-07
1.5800000000e-07
1.5100000000e-07
1.3446000000e-05
2.0900000000e-07
1.5200000000e-07
1.5000000000e-07
1.4340000000e-05
2.1900000000e-07
1.5500000000e-07
1.5300000000e-07
1.6491000000e-05
2.2500000000e-07
1.5400000000e-07
1.5100000000e-07
1.3002000000e-05
2.1100000000e-07
1.5500000000e-07
1.5200000000e-07
1.6490000000e-05
2.0900000000e-07
1.5900000000e-07
1.5400000000e-07
1.2757000000e-05
2.1100000000e-07
1.4800000000e-07
1.5000000000e-07
1.6525000000e-05
2.4200000000e-07
1.5000000000e-07
1.5300000000e-07
1.2734000000e-05
2.1100000000e-07
1.5000000000e-07
1.6600000000e-07
1.4581000000e-05
2.0500000000e-07
1.5200000000e-07
1.5600000000e-07
6.3610000000e-06
2.0500000000e-07
1.6000000000e-07
1.5300000000e-07
1.3014000000e-05
2.4500000000e-07
1.5600000000e-07
1.6600000000e-07
9.8690000000e-06
9.2174000000e-05
4.7500000000e-07
1.6400000000e-07
1.3777000000e-05
2.6200000000e-07
1.7200000000e-07
1.5400000000e-07
1.2745000000e-05
2.1900000000e-07
1.4800000000e-07
1.5400000000e-07
1.0047000000e-05
2.4800000000e-07
1.5400000000e-07
1.5400000000e-07
1.4390000000e-05
2.0500000000e-07
1.5600000000e-07
1.5300000000e-07
1.6433000000e-05
2.2300000000e-07
1.5200000000e-07
1.5100000000e-07
1.2652000000e-05
1.9200000000e-07
1.5600000000e-07
1.4900000000e-07
1.6702000000e-05
2.2800000000e-07
1.5200000000e-07
1.5200000000e-07
1.2825000000e-05
2.1500000000e-07
1.4900000000e-07
1.5000000000e-07
1.6198000000e-05
2.1900000000e-07
1.5000000000e-07
1.5700000000e-07
1.2675000000e-05
2.0700000000e-07
1.5200000000e-07
1.5300000000e-07
1.1378000000e-05
2.2600000000e-07
1.5300000000e-07
1.5300000000e-07
1.2738000000e-05
1.9700000000e-07
1.5200000000e-07
1.7600000000e-07
1.6353000000e-05
2.0300000000e-07
1.5000000000e-07
1.4900000000e-07
1.2716000000e-05
2.2800000000e-07
1.5300000000e-07
1.5200000000e-07
1.6572000000e-05
2.4100000000e-07
1.5000000000e-07
1.5000000000e-07
1.2685000000e-05
9.0987000000e-05
4.5300000000e-07
1.6400000000e-07
1.7511000000e-05
2.0300000000e-07
1.5500000000e-07
1.5400000000e-07
1.4353000000e-05
1.9700000000e-07
1.5000000000e-07
1.5400000000e-07
1.0105000000e-05
2.2700000000e-07
1.6400000000e-07
1.7000000000e-07
6.3040000000e-06
2.0100000000e-07
1.5400000000e-07
1.5600000000e-07
1.6419000000e-05
2.1900000000e-07
1.6400000000e-07
1.5400000000e-07
1.2758000000e-05
2.0100000000e-07
1.5000000000e-07
1.4800000000e-07
1.6628000000e-05
2.1300000000e-07
1.5000000000e-07
1.4900000000e-07
1.2652000000e-05
2.0000000000e-07
1.5600000000e-07
1.5000000000e-07
1.7855000000e-05
2.2400000000e-07
1.5100000000e-07
1.5000000000e-07
1.2755000000e-05
2.2100000000e-07
1.5200000000e-07
1.5600000000e-07
1.6773000000e-05
2.2300000000e-07
1.4900000000e-07
1.5400000000e-07
1.2724000000e-05
2.0900000000e-07
1.5200000000e-07
1.5500000000e-07
1.6362000000e-05
2.2100000000e-07
1.5100000000e-07
1.5200000000e-07
1.2828000000e-05
2.5600000000e-07
1.5100000000e-07
1.5200000000e-07
1.8308000000e-05
2.2200000000e-07
1.4500000000e-07
1.5600000000e-07
1.2763000000e-05
9.1865000000e-05
4.4700000000e-07
1.8000000000e-07
1.7605000000e-05
2.3600000000e-07
1.5400000000e-07
1.4800000000e-07
9.6480000000e-06
2.0300000000e-07
1.5700000000e-07
1.5400000000e-07
1.0060000000e-05
2.3600000000e-07
1.7000000000e-07
1.5400000000e-07
9.5150000000e-06
2.2100000000e-07
1.5600000000e-07
1.4800000000e-07
1.6551000000e-05
2.2500000000e-07
1.6400000000e-07
1.4800000000e-07
1.1140000000e-05
2.1700000000e-07
1.5200000000e-07
1.5100000000e-07
1.3537000000e-05
2.2800000000e-07
1.5000000000e-07
1.6400000000e-07
1.2487000000e-05
2.0500000000e-07
1.4800000000e-07
1.5500000000e-07
1.6290000000e-05
2.2800000000e-07
1.4900000000e-07
1.6400000000e-07
9.8350000000e-06
2.0300000000e-07
1.5400000000e-07
1.5600000000e-07
1.2978000000e-05
2.3300000000e-07
1.5400000000e-07
1.5600000000e-07
9.5350000000e-06
2.0300000000e-07
1.5000000000e-07
1.5300000000e-07
1.1422000000e-05
2.1700000000e-07
1.5400000000e-07
1.6800000000e-07
6.4570000000e-06
1.9000000000e-07
1.7700000000e-07
1.4900000000e-07
1.3337000000e-05
2.4600000000e-07
1.5000000000e-07
1.6600000000e-07
2.2165000000e-05
8.9782000000e-05
4.2400000000e-07
1.7400000000e-07
1.3767000000e-05
2.1500000000e-07
1.5100000000e-07
1.5400000000e-07
1.6554000000e-05
2.4000000000e-07
1.5400000000e-07
1.5600000000e-07
9.7250000000e-06
1.9800000000e-07
1.4600000000e-07
1.5600000000e-07
1.4584000000e-05
2.1700000000e-07
1.5100000000e-07
1.4700000000e-07
9.4960000000e-06
2.1900000000e-07
1.6600000000e-07
1.5400000000e-07
1.3237000000e-05
2.1900000000e-07
1.5400000000e-07
1.7000000000e-07
1.2673000000e-05
2.0100000000e-07
1.5000000000e-07
1.5900000000e-07
1.6206000000e-05
2.1000000000e-07
1.4800000000e-07
1.6800000000e-07
1.2775000000e-05
2.3900000000e-07
1.5400000000e-07
1.5000000000e-07
1.6320000000e-05
2.2600000000e-07
1.5400000000e-07
1.6600000000e-07
1.4285000000e-05
2.0900000000e-07
1.5400000000e-07
1.4900000000e-07
1.6289000000e-05
2.1400000000e-07
1.5000000000e-07
1.5600000000e-07
1.2769000000e-05
2.1900000000e-07
1.5800000000e-07
1.4800000000e-07
1.6560000000e-05
2.3600000000e-07
1.5400000000e-07
1.5400000000e-07
1.2639000000e-05
2.2100000000e-07
1.5100000000e-07
1.5700000000e-07
1.6311000000e-05
9.1385000000e-05
4.3300000000e-07
1.7800000000e-07
1.3679000000e-05
2.1100000000e-07
1.5000000000e-07
1.5200000000e-07
1.8324000000e-05
2.3500000000e-07
1.5200000000e-07
1.5300000000e-07
1.2762000000e-05
2.1600000000e-07
1.5900000000e-07
1.5900000000e-07
1.3253000000e-05
2.2200000000e-07
1.5300000000e-07
1.5000000000e-07
9.4960000000e-06
2.5600000000e-07
1.5400000000e-07
1.5900000000e-07
1.6562000000e-05
2.1700000000e-07
1.7200000000e-07
1.5200000000e-07
1.2865000000e-05
2.0300000000e-07
1.5200000000e-07
1.4900000000e-07
2.3901000000e-05
2.5200000000e-07
1.6400000000e-07
1.5200000000e-07
6.5190000000e-06
2.0700000000e-07
1.5200000000e-07
1.5500000000e-07
1.6245000000e-05
2.5800000000e-07
1.5400000000e-07
1.5200000000e-07
6.3200000000e-06
2.4800000000e-07
8.2005900000e-04
3.7400000000e-07
1.6873000000e-05
2.2100000000e-07
1.5200000000e-07
1.4900000000e-07
1.3236000000e-05
2.1900000000e-07
1.6600000000e-07
1.6800000000e-07
1.8058000000e-05
2.1900000000e-07
1.5000000000e-07
1.5200000000e-07
1.2709000000e-05
2.2100000000e-07
1.5500000000e-07
1.5600000000e-07
1.6542000000e-05
9.3467000000e-05
4.3400000000e-07
1.8500000000e-07
1.3638000000e-05
2.1100000000e-07
1.5600000000e-07
1.5500000000e-07
1.0118000000e-05
2.5200000000e-07
1.5800000000e-07
1.5400000000e-07
6.2810000000e-06
2.0100000000e-07
1.4900000000e-07
1.6000000000e-07
1.6497000000e-05
2.3200000000e-07
1.5500000000e-07
1.5400000000e-07
7.8050000000e-06
2.0700000000e-07
1.7600000000e-07
1.5600000000e-07
1.0131000000e-05
2.3500000000e-07
1.5400000000e-07
1.5200000000e-07
1.2642000000e-05
2.0300000000e-07
1.5200000000e-07
1.5800000000e-07
1.0052000000e-05
2.2000000000e-07
1.5500000000e-07
1.6000000000e-07
1.2736000000e-05
2.3200000000e-07
1.5000000000e-07
1.7800000000e-07
1.6275000000e-05
2.1600000000e-07
1.5300000000e-07
1.5300000000e-07
1.2726000000e-05
2.2800000000e-07
1.5500000000e-07
1.5500000000e-07
1.7864000000e-05
2.3000000000e-07
1.6600000000e-07
1.5300000000e-07
1.3148000000e-05
2.1100000000e-07
1.5500000000e-07
1.6700000000e-07
1.6317000000e-05
2.2600000000e-07
1.5300000000e-07
1.5200000000e-07
1.2681000000e-05
2.1700000000e-07
1.4600000000e-07
1.5400000000e-07
2.2396000000e-05
9.0869000000e-05
4.5300000000e-07
1.7000000000e-07
1.3718000000e-05
2.0500000000e-07
1.5000000000e-07
1.5300000000e-07
1.8491000000e-05
2.4400000000e-07
1.5200000000e-07
1.5400000000e-07
1.2660000000e-05
1.9600000000e-07
1.4600000000e-07
1.6000000000e-07
1.3291000000e-05
2.2200000000e-07
1.4900000000e-07
1.5100000000e-07
9.5970000000e-06
2.1300000000e-07
1.5400000000e-07
1.7000000000e-07
1.6357000000e-05
2.3100000000e-07
1.6600000000e-07
1.4800000000e-07
9.5600000000e-06
2.4200000000e-07
1.5400000000e-07
1.5500000000e-07
9.8330000000e-06
2.3800000000e-07
1.4700000000e-07
1.6600000000e-07
1.0993000000e-05
2.1500000000e-07
1.5200000000e-07
1.6600000000e-07
1.6431000000e-05
2.2000000000e-07
1.6100000000e-07
1.5200000000e-07
1.2664000000e-05
2.1100000000e-07
1.4900000000e-07
1.5000000000e-07
1.6625000000e-05
2.1100000000e-07
1.5700000000e-07
1.5200000000e-07
9.4510000000e-06
1.9600000000e-07
1.5400000000e-07
1.5300000000e-07
1.0051000000e-05
2.4600000000e-07
1.6600000000e-07
1.4900000000e-07
6.3760000000e-06
2.1100000000e-07
1.5500000000e-07
1.5400000000e-07
1.1376000000e-05
9.1008000000e-05
4.3700000000e-07
1.6000000000e-07
7.4100000000e-06
2.2300000000e-07
1.4800000000e-07
1.5000000000e-07
1.0186000000e-05
2.2400000000e-07
1.5500000000e-07
1.6000000000e-07
9.3710000000e-06
2.1700000000e-07
1.6400000000e-07
1.5600000000e-07
1.3021000000e-05
2.4000000000e-07
1.6800000000e-07
1.5600000000e-07
9.7190000000e-06
2.4100000000e-07
1.5400000000e-07
1.5200000000e-07
1.6181000000e-05
2.2100000000e-07
1.6000000000e-07
1.7000000000e-07
2.3477000000e-05
2.6200000000e-07
1.5600000000e-07
1.5600000000e-07
1.2773000000e-05
1.9300000000e-07
1.5300000000e-07
1.6800000000e-07
1.6263000000e-05
2.3300000000e-07
1.4800000000e-07
1.5400000000e-07
1.2667000000e-05
2.0300000000e-07
1.6200000000e-07
1.5400000000e-07
1.6062000000e-05
2.3600000000e-07
1.4900000000e-07
1.5500000000e-07
1.3033000000e-05
2.1900000000e-07
1.5200000000e-07
1.5700000000e-07
9.6560000000e-06
2.4000000000e-07
1.5900000000e-07
1.5400000000e-07
1.4245000000e-05
2.0200000000e-07
1.5900000000e-07
1.5100000000e-07
1.6185000000e-05
2.3900000000e-07
1.6000000000e-07
1.6400000000e-07
1.2605000000e-05
9.0064000000e-05
4.4400000000e-07
1.7600000000e-07
1.7386000000e-05
2.5200000000e-07
1.5000000000e-07
1.5300000000e-07
1.2672000000e-05
2.0100000000e-07
1.5200000000e-07
1.6200000000e-07
1.6228000000e-05
2.2600000000e-07
1.5300000000e-07
1.6400000000e-07
1.2736000000e-05
2.0900000000e-07
1.5700000000e-07
1.5400000000e-07
1.8028000000e-05
2.2700000000e-07
1.5400000000e-07
1.5600000000e-07
6.3500000000e-06
2.0300000000e-07
1.5400000000e-07
1.5200000000e-07
1.6244000000e-05
2.3100000000e-07
1.6000000000e-07
1.5000000000e-07
1.2664000000e-05
2.0500000000e-07
1.7000000000e-07
1.5600000000e-07
1.6224000000e-05
2.3600000000e-07
1.4700000000e-07
1.5300000000e-07
6.1950000000e-06
2.1100000000e-07
1.5800000000e-07
1.5600000000e-07
1.6165000000e-05
2.0500000000e-07
1.6800000000e-07
1.6600000000e-07
8.1070000000e-06
1.9700000000e-07
1.6200000000e-07
1.5300000000e-07
9.8000000000e-06
2.3200000000e-07
1.4900000000e-07
1.5700000000e-07
6.8550000000e-06
2.1700000000e-07
1.6600000000e-07
1.5600000000e-07
2.2397000000e-05
2.4400000000e-07
1.5200000000e-07
1.5200000000e-07
1.2744000000e-05
9.1286000000e-05
4.6700000000e-07
1.7800000000e-07
1.4194000000e-05
2.3100000000e-07
1.6400000000e-07
1.6600000000e-07
1.0933000000e-05
2.1100000000e-07
1.5200000000e-07
1.5000000000e-07
1.6265000000e-05
2.3300000000e-07
1.4700000000e-07
1.5200000000e-07
1.2847000000e-05
2.2300000000e-07
1.5200000000e-07
1.5400000000e-07
1.6466000000e-05
2.6400000000e-07
1.5400000000e-07
1.5300000000e-07
1.2706000000e-05
2.0500000000e-07
1.5100000000e-07
1.4900000000e-07
1.3042000000e-05
2.3100000000e-07
1.6600000000e-07
1.5500000000e-07
9.5290000000e-06
1.9100000000e-07
1.6200000000e-07
1.7000000000e-07
1.4581000000e-05
2.3400000000e-07
1.6200000000e-07
1.5200000000e-07
9.5420000000e-06
2.1300000000e-07
1.5600000000e-07
1.5300000000e-07
1.3366000000e-05
2.0700000000e-07
1.6200000000e-07
1.5400000000e-07
9.5800000000e-06
2.2000000000e-07
1.4900000000e-07
1.5800000000e-07
1.6283000000e-05
2.2900000000e-07
1.5200000000e-07
1.6000000000e-07
9.4470000000e-06
2.0300000000e-07
1.6000000000e-07
1.5200000000e-07
1.3035000000e-05
2.2400000000e-07
1.5100000000e-07
1.5200000000e-07
1.0972000000e-05
9.2043000000e-05
4.5900000000e-07
1.7600000000e-07
1.4263000000e-05
2.2600000000e-07
1.5800000000e-07
1.5300000000e-07
1.2767000000e-05
2.0600000000e-07
1.5200000000e-07
1.6400000000e-07
1.6454000000e-05
2.2200000000e-07
1.5900000000e-07
1.6200000000e-07
1.2886000000e-05
2.0900000000e-07
1.6200000000e-07
1.5200000000e-07
1.3275000000e-05
2.2200000000e-07
1.4900000000e-07
1.5900000000e-07
9.5770000000e-06
2.1900000000e-07
1.5800000000e-07
1.5500000000e-07
1.7489000000e-05
2.5200000000e-07
1.4800000000e-07
1.5700000000e-07
6.2860000000e-06
2.0900000000e-07
1.5500000000e-07
1.5000000000e-07
1.0009000000e-05
2.1100000000e-07
1.5000000000e-07
1.6200000000e-07
1.2713000000e-05
2.1900000000e-07
1.5300000000e-07
1.6200000000e-07
1.6522000000e-05
2.2700000000e-07
1.6400000000e-07
1.5400000000e-07
1.2771000000e-05
2.0900000000e-07
1.6000000000e-07
1.8000000000e-07
1.6311000000e-05
2.3400000000e-07
1.6200000000e-07
1.5600000000e-07
1.4249000000e-05
2.2300000000e-07
1.6400000000e-07
1.5200000000e-07
1.6349000000e-05
2.0500000000e-07
1.6100000000e-07
1.6100000000e-07
1.2747000000e-05
9.1131000000e-05
4.5500000000e-07
1.7700000000e-07
1.7357000000e-05
2.3400000000e-07
1.7000000000e-07
1.5400000000e-07
1.2720000000e-05
1.9300000000e-07
1.6000000000e-07
1.5000000000e-07
1.6239000000e-05
2.4800000000e-07
1.5000000000e-07
1.5200000000e-07
1.2783000000e-05
2.7400000000e-07
1.5000000000e-07
1.5400000000e-07
1.7894000000e-05
2.6600000000e-07
1.5800000000e-07
1.5200000000e-07
6.3790000000e-06
2.1400000000e-07
1.6400000000e-07
1.5300000000e-07
1.6273000000e-05
2.4000000000e-07
1.5000000000e-07
1.5200000000e-07
1.2673000000e-05
2.0900000000e-07
1.5300000000e-07
1.5600000000e-07
9.7460000000e-06
2.2300000000e-07
1.5400000000e-07
1.5300000000e-07
1.3060000000e-05
2.2700000000e-07
1.5200000000e-07
1.5200000000e-07
1.6551000000e-05
2.4400000000e-07
1.5500000000e-07
1.5600000000e-07
1.4320000000e-05
2.2900000000e-07
1.4600000000e-07
1.5100000000e-07
1.6269000000e-05
2.2100000000e-07
1.5200000000e-07
1.5600000000e-07
2.2117000000e-05
2.4100000000e-07
1.6000000000e-07
1.5400000000e-07
1.2808000000e-05
2.2000000000e-07
1.6000000000e-07
1.5600000000e-07
1.6296000000e-05
9.0984000000e-05
4.3400000000e-07
1.7600000000e-07
1.3644000000e-05
2.3200000000e-07
1.5300000000e-07
1.5000000000e-07
1.8013000000e-05
2.2900000000e-07
1.6400000000e-07
1.7600000000e-07
1.2849000000e-05
2.1100000000e-07
1.5200000000e-07
1.5200000000e-07
1.3191000000e-05
2.2600000000e-07
1.5300000000e-07
1.5000000000e-07
9.5310000000e-06
2.0700000000e-07
1.6000000000e-07
1.6000000000e-07
1.6161000000e-05
2.3300000000e-07
1.5800000000e-07
1.5400000000e-07
1.2677000000e-05
2.3100000000e-07
1.6100000000e-07
1.6800000000e-07
1.2977000000e-05
2.1100000000e-07
1.6000000000e-07
1.5500000000e-07
7.8550000000e-06
2.1600000000e-07
1.6200000000e-07
1.5300000000e-07
1.3415000000e-05
2.0100000000e-07
1.7400000000e-07
1.5000000000e-07
1.2677000000e-05
2.6200000000e-07
8.5594500000e-04
3.6400000000e-07
1.0545000000e-05
2.2600000000e-07
1.6400000000e-07
1.5800000000e-07
1.3941000000e-05
2.1300000000e-07
1.6600000000e-07
1.5000000000e-07
1.6433000000e-05
2.1300000000e-07
1.6000000000e-07
1.5400000000e-07
1.4201000000e-05
1.8900000000e-07
1.5500000000e-07
1.5500000000e-07
1.6152000000e-05
9.1137000000e-05
5.0600000000e-07
1.7500000000e-07
7.1780000000e-06
2.1800000000e-07
1.7000000000e-07
1.5300000000e-07
1.6399000000e-05
2.3600000000e-07
1.5000000000e-07
1.5800000000e-07
1.2854000000e-05
2.2700000000e-07
1.5600000000e-07
1.5600000000e-07
9.8100000000e-06
2.2900000000e-07
1.4700000000e-07
1.5600000000e-07
1.2730000000e-05
2.1300000000e-07
1.6200000000e-07
1.5600000000e-07
1.7601000000e-05
2.2800000000e-07
1.7600000000e-07
1.6000000000e-07
1.2785000000e-05
2.1300000000e-07
1.5300000000e-07
1.5000000000e-07
1.6279000000e-05
2.1700000000e-07
1.5300000000e-07
1.5000000000e-07
1.3064000000e-05
2.1700000000e-07
1.5800000000e-07
1.5200000000e-07
1.6648000000e-05
2.1400000000e-07
1.6500000000e-07
1.6400000000e-07
1.2833000000e-05
1.9500000000e-07
1.6200000000e-07
1.5500000000e-07
1.7819000000e-05
2.2300000000e-07
1.5100000000e-07
1.4800000000e-07
1.2722000000e-05
2.2900000000e-07
1.5400000000e-07
1.6800000000e-07
1.6292000000e-05
2.4000000000e-07
1.5200000000e-07
1.4900000000e-07
1.2742000000e-05
2.3300000000e-07
1.5200000000e-07
1.5400000000e-07
1.3123000000e-05
8.9454000000e-05
4.4500000000e-07
1.7800000000e-07
7.2860000000e-06
2.0300000000e-07
1.5700000000e-07
1.5600000000e-07
1.3446000000e-05
2.3100000000e-07
1.4800000000e-07
1.6400000000e-07
1.4374000000e-05
2.0300000000e-07
1.5800000000e-07
1.5500000000e-07
1.6202000000e-05
2.2600000000e-07
1.4700000000e-07
1.4600000000e-07
1.2806000000e-05
2.2700000000e-07
1.5200000000e-07
1.5800000000e-07
1.6183000000e-05
2.4800000000e-07
1.4800000000e-07
1.5400000000e-07
1.2685000000e-05
2.1700000000e-07
1.7200000000e-07
1.6600000000e-07
1.6134000000e-05
2.1600000000e-07
1.5500000000e-07
1.5400000000e-07
1.3087000000e-05
2.3500000000e-07
1.5000000000e-07
1.6600000000e-07
1.8177000000e-05
2.0100000000e-07
1.5200000000e-07
1.5300000000e-07
1.2796000000e-05
2.1600000000e-07
1.5500000000e-07
1.5600000000e-07
1.6241000000e-05
2.3300000000e-07
1.5400000000e-07
1.8000000000e-07
1.2742000000e-05
2.0500000000e-07
1.4800000000e-07
1.5400000000e-07
2.2233000000e-05
2.3400000000e-07
1.6600000000e-07
1.6300000000e-07
1.2741000000e-05
2.1500000000e-07
1.5400000000e-07
1.6600000000e-07
1.6705000000e-05
9.0374000000e-05
5.0200000000e-07
1.7200000000e-07
1.5116000000e-05
2.3300000000e-07
1.5200000000e-07
1.5200000000e-07
1.8898000000e-05
2.4900000000e-07
1.6200000000e-07
1.6000000000e-07
6.3300000000e-06
2.3800000000e-07
1.5000000000e-07
1.6200000000e-07
2.3247700000e-04
3.2000000005e-07
1.5600000003e-07
1.5700000000e-07
1.2925000000e-05
2.2000000000e-07
1.6300000005e-07
1.8899999998e-07
1.6925000000e-05
2.1499999991e-07
1.6199999997e-07
1.5399999997e-07
6.3339999999e-06
2.2000000000e-07
1.5600000003e-07
1.5500000006e-07
1.1989000000e-05
2.0299999992e-07
1.6800000002e-07
1.5000000009e-07
1.2828000000e-05
2.1300000008e-07
1.4999999998e-07
1.4999999998e-07
1.0150000000e-05
2.2299999991e-07
1.5200000003e-07
1.5400000009e-07
6.4479999999e-06
2.2899999996e-07
1.6400000002e-07
1.5200000003e-07
1.6458000000e-05
2.2299999991e-07
1.5600000003e-07
1.6599999997e-07
1.2716000000e-05
1.8800000001e-07
1.5099999995e-07
1.6199999997e-07
1.6403000000e-05
2.3100000002e-07
1.5599999992e-07
1.6400000002e-07
1.4341000000e-05
2.1500000003e-07
1.5799999997e-07
1.4599999998e-07
9.9940000000e-06
9.2914000000e-05
4.7000000003e-07
1.7600000002e-07
1.3722000000e-05
2.3999999998e-07
1.7400000007e-07
1.5200000003e-07
1.6660000000e-05
2.4600000004e-07
1.6400000002e-07
1.5399999997e-07
1.2718000000e-05
1.9499999993e-07
1.6000000003e-07
1.5300000000e-07
1.6388000000e-05
2.2300000002e-07
1.6199999997e-07
1.5600000003e-07
1.7984000000e-05
2.3099999991e-07
1.5799999997e-07
1.5399999997e-07
1.2732000000e-05
2.2300000002e-07
1.6600000008e-07
1.5099999995e-07
1.6661000000e-05
2.0099999998e-07
1.6000000003e-07
1.5600000003e-07
9.8790000000e-06
2.1100000003e-07
1.5400000009e-07
1.5399999997e-07
1.3251000000e-05
2.0700000003e-07
1.6199999997e-07
1.6199999997e-07
9.4210000000e-06
1.9699999998e-07
1.6199999997e-07
1.5400000009e-07
1.3250000000e-05
2.1899999991e-07
1.6000000003e-07
1.5899999994e-07
1.4271000000e-05
2.1100000003e-07
1.6400000002e-07
1.6100000000e-07
1.6341000000e-05
2.1900000002e-07
1.6000000003e-07
1.4999999998e-07
1.2957000000e-05
2.5000000003e-07
1.5399999997e-07
1.9500000004e-07
1.6230000000e-05
2.0700000003e-07
1.5200000003e-07
1.5399999997e-07
1.2703000000e-05
9.2873000000e-05
4.9800000002e-07
1.8200000007e-07
1.4187000000e-05
2.4999999992e-07
1.6200000008e-07
1.5599999992e-07
9.7540000000e-06
2.0099999998e-07
1.6100000000e-07
1.6200000008e-07
1.1638000000e-05
2.4199999993e-07
1.5400000009e-07
1.5399999997e-07
1.2617000000e-05
1.9499999993e-07
1.6200000008e-07
1.5200000003e-07
1.6577000000e-05
2.1500000003e-07
1.6999999997e-07
1.5300000000e-07
1.2694000000e-05
2.1900000002e-07
1.6200000008e-07
1.7799999996e-07
1.6279000000e-05
2.3100000002e-07
1.6200000008e-07
1.5799999997e-07
1.3107000000e-05
2.2300000002e-07
1.5700000000e-07
1.6599999997e-07
9.8180000000e-06
2.2900000007e-07
1.8300000004e-07
1.5900000006e-07
1.4339000000e-05
2.0700000003e-07
1.6400000002e-07
1.5599999992e-07
9.7550000000e-06
2.2100000008e-07
1.6999999997e-07
1.5400000009e-07
1.2716000000e-05
2.0299999992e-07
1.6299999994e-07
1.5500000006e-07
2.2481000000e-05
2.4200000004e-07
2.3300000007e-07
1.5300000000e-07
1.2712000000e-05
1.8999999996e-07
1.5899999994e-07
1.6599999997e-07
1.3319000000e-05
2.3100000002e-07
1.6400000002e-07
1.5400000009e-07
6.2380000000e-06
9.1310000000e-05
4.5900000001e-07
1.8499999999e-07
1.2801000000e-05
2.3199999999e-07
1.6100000000e-07
1.5200000003e-07
9.5520000000e-06
1.9500000004e-07
1.6300000005e-07
1.5600000003e-07
1.6646000000e-05
2.1699999997e-07
1.6200000008e-07
1.7200000002e-07
1.2693000000e-05
2.1700000008e-07
1.5499999995e-07
1.5399999997e-07
1.6763000000e-05
2.2600000005e-07
1.8899999998e-07
1.7200000002e-07
1.2724000000e-05
2.2000000000e-07
1.6199999997e-07
1.5700000000e-07
1.6811000000e-05
2.2500000008e-07
2.0099999998e-07
1.6999999997e-07
1.1058000000e-05
2.0300000003e-07
1.6200000008e-07
1.5999999992e-07
1.3185000000e-05
2.0999999994e-07
1.6599999997e-07
1.5300000000e-07
1.2784000000e-05
2.0000000001e-07
1.6599999997e-07
1.5899999994e-07
1.6378000000e-05
2.1600000000e-07
1.6199999997e-07
1.8099999999e-07
9.8080000001e-06
2.1500000003e-07
1.6000000003e-07
1.5100000006e-07
1.3134000000e-05
2.0899999997e-07
1.5999999992e-07
1.4999999998e-07
1.2800000000e-05
2.0499999998e-07
1.6000000003e-07
1.5099999995e-07
1.7717000000e-05
2.1499999991e-07
1.6400000002e-07
1.5600000003e-07
1.2754000000e-05
9.1943000000e-05
4.6300000001e-07
1.7799999996e-07
1.4368000000e-05
2.1299999997e-07
1.6400000002e-07
1.6400000002e-07
9.4880000000e-06
1.9899999992e-07
1.7600000002e-07
1.5399999997e-07
1.6448000000e-05
2.0899999997e-07
1.5399999997e-07
1.4300000006e-07
1.2745000000e-05
2.0900000008e-07
1.5600000003e-07
1.5300000000e-07
2.4266000000e-05
2.4599999993e-07
1.6000000003e-07
1.5499999995e-07
1.2634000000e-05
2.0200000006e-07
1.6400000002e-07
1.5399999997e-07
1.6863000000e-05
2.2899999996e-07
1.6599999997e-07
1.6000000003e-07
1.2644000000e-05
2.0300000003e-07
1.6000000003e-07
1.4800000003e-07
9.9370000000e-06
2.2700000002e-07
1.5999999992e-07
1.4999999998e-07
1.2718000000e-05
1.8599999996e-07
1.5899999994e-07
1.5000000009e-07
1.6281000000e-05
2.0899999997e-07
1.6200000008e-07
1.4699999995e-07
1.4380000000e-05
1.9500000004e-07
1.6300000005e-07
1.6799999991e-07
1.6253000000e-05
2.0499999998e-07
1.5600000003e-07
1.5200000003e-07
1.2675000000e-05
2.1299999997e-07
1.6800000002e-07
1.5799999997e-07
1.6263000000e-05
2.2799999999e-07
1.6000000003e-07
1.6199999997e-07
1.2636000000e-05
9.1109000000e-05
4.7999999997e-07
1.7600000002e-07
1.7749000000e-05
2.1700000008e-07
1.6400000002e-07
1.4800000003e-07
1.2822000000e-05
2.2399999999e-07
1.6600000008e-07
1.5900000006e-07
1.7990000000e-05
2.3599999999e-07
1.6400000002e-07
1.5200000003e-07
1.2787000000e-05
1.8499999999e-07
1.6000000003e-07
1.6799999991e-07
1.6574000000e-05
2.2599999994e-07
1.5399999997e-07
1.5300000000e-07
1.2734000000e-05
2.0099999998e-07
1.5100000006e-07
1.5600000003e-07
1.6718000000e-05
2.1300000008e-07
1.5100000006e-07
1.7400000007e-07
1.2700000000e-05
2.0099999998e-07
1.5900000006e-07
1.5300000000e-07
1.6255000000e-05
2.2000000000e-07
1.7600000002e-07
1.5399999997e-07
1.4295000000e-05
2.3100000002e-07
1.5200000003e-07
1.5300000000e-07
1.6248000000e-05
2.0300000003e-07
8.2142900000e-04
3.4999999998e-07
1.6439000000e-05
2.2099999997e-07
1.5799999997e-07
1.5400000009e-07
1.2896000000e-05
2.1500000003e-07
1.6000000003e-07
1.4999999998e-07
1.6410000000e-05
2.3000000005e-07
1.7399999996e-07
1.6200000008e-07
1.4320000000e-05
2.2499999996e-07
1.4999999998e-07
1.6199999997e-07
1.6419000000e-05
9.3244000000e-05
4.7399999992e-07
1.7800000007e-07
1.3800000000e-05
1.9900000003e-07
1.5799999997e-07
1.6800000002e-07
1.0191000000e-05
2.7100000000e-07
1.6199999997e-07
1.6600000008e-07
1.2760000000e-05
2.0099999998e-07
1.5899999994e-07
1.6999999997e-07
1.6495000000e-05
2.1699999997e-07
1.5100000006e-07
1.4999999998e-07
1.2669000000e-05
2.0900000008e-07
1.6199999997e-07
1.5200000003e-07
1.8129000000e-05
2.3500000002e-07
1.7299999999e-07
1.5100000006e-07
1.2753000000e-05
1.8899999998e-07
1.5799999997e-07
1.6999999997e-07
9.9219999999e-06
2.2899999996e-07
1.6599999997e-07
1.4799999992e-07
1.2740000000e-05
2.2399999999e-07
1.6400000002e-07
1.6000000003e-07
9.8770000000e-06
2.2000000000e-07
1.6400000002e-07
1.5600000003e-07
6.4260000000e-06
2.2099999997e-07
1.7699999999e-07
1.5400000009e-07
1.6238000000e-05
2.2099999997e-07
1.5200000003e-07
1.4999999998e-07
1.4306000000e-05
2.0299999992e-07
1.6599999997e-07
1.5600000003e-07
1.6201000000e-05
2.0700000003e-07
1.6199999997e-07
1.6000000003e-07
1.2721000000e-05
2.4000000010e-07
1.6199999997e-07
1.5200000003e-07
9.9579999999e-06
8.9393000000e-05
4.9800000002e-07
1.6199999997e-07
1.3536000000e-05
2.0899999997e-07
1.6000000003e-07
1.5200000003e-07
1.0352000000e-05
2.1299999997e-07
1.6199999997e-07
1.5799999997e-07
1.2695000000e-05
2.1699999997e-07
1.7400000007e-07
1.5100000006e-07
2.4104000000e-05
2.2099999997e-07
1.6199999997e-07
1.5100000006e-07
1.3003000000e-05
2.1699999997e-07
1.6400000002e-07
1.5799999997e-07
1.6736000000e-05
2.1500000003e-07
1.6599999997e-07
1.4999999998e-07
9.4799999999e-06
2.2499999996e-07
1.4800000003e-07
1.6999999997e-07
1.3193000000e-05
2.1400000005e-07
1.5300000000e-07
1.6199999997e-07
1.0185000000e-05
2.0299999992e-07
1.6400000002e-07
1.4999999998e-07
1.3318000000e-05
2.2399999999e-07
1.6400000002e-07
1.5700000000e-07
1.4222000000e-05
2.1299999997e-07
1.5499999995e-07
1.5099999995e-07
1.6345000000e-05
2.1700000008e-07
1.5899999994e-07
1.5199999992e-07
1.2759000000e-05
2.1299999997e-07
1.6000000003e-07
1.4999999998e-07
1.6213000000e-05
2.1299999997e-07
1.5300000000e-07
1.6200000008e-07
1.2728000000e-05
2.1700000008e-07
1.6199999997e-07
1.6000000003e-07
1.6369000000e-05
9.1484000000e-05
4.4300000002e-07
1.7799999996e-07
1.0356000000e-05
2.1700000008e-07
1.6199999997e-07
1.5600000003e-07
1.5025000000e-05
2.0899999997e-07
1.5199999992e-07
1.5499999995e-07
1.2744000000e-05
1.8499999999e-07
1.6199999997e-07
1.5199999992e-07
1.3153000000e-05
2.1900000002e-07
1.5999999992e-07
1.4900000000e-07
9.9200000001e-06
2.0899999997e-07
1.8899999998e-07
1.5800000008e-07
1.6382000000e-05
2.2499999996e-07
1.6200000008e-07
2.0699999992e-07
1.2714000000e-05
1.9899999992e-07
1.6600000008e-07
1.5399999997e-07
1.6496000000e-05
2.1200000000e-07
1.6299999994e-07
1.6100000000e-07
1.4245000000e-05
2.3000000005e-07
1.5100000006e-07
1.5700000000e-07
1.3034000000e-05
2.2100000008e-07
1.5799999997e-07
1.4999999998e-07
9.5019999999e-06
2.1699999997e-07
1.6400000002e-07
1.5599999992e-07
2.2245000000e-05
2.5999999997e-07
1.4999999998e-07
1.5099999995e-07
1.2888000000e-05
2.0100000009e-07
1.6399999991e-07
1.5200000003e-07
1.0041000000e-05
2.1900000002e-07
1.6000000003e-07
1.5500000006e-07
1.4489000000e-05
2.1900000002e-07
1.5799999997e-07
1.5600000003e-07
1.6164000000e-05
9.0346000000e-05
