isend N: 3200
isend totaltime: 1.2137063100e-01
isend avg: 3.7928322187e-05
isend std-dev: 4.4953329183e-05
----
5.4250000000e-06
1.2610200000e-04
7.9400000000e-07
8.7504000000e-05
7.0700000000e-07
8.3134000000e-05
6.2700000000e-07
8.1776000000e-05
5.6100000000e-07
8.2402000000e-05
5.9000000000e-07
8.0953000000e-05
5.8200000000e-07
8.0967000000e-05
5.9200000000e-07
8.0618000000e-05
5.8200000000e-07
8.1579000000e-05
5.6100000000e-07
8.0759000000e-05
6.1000000000e-07
8.0625000000e-05
6.1000000000e-07
8.1610000000e-05
5.8200000000e-07
8.0758000000e-05
6.0000000000e-07
7.9626000000e-05
6.0400000000e-07
8.0435000000e-05
5.8600000000e-07
7.9692000000e-05
5.6900000000e-07
8.0664000000e-05
5.6800000000e-07
8.0374000000e-05
6.0000000000e-07
7.8983000000e-05
5.7400000000e-07
8.0018000000e-05
5.7800000000e-07
8.0043000000e-05
5.9800000000e-07
7.9909000000e-05
5.9700000000e-07
8.0583000000e-05
6.0400000000e-07
8.0323000000e-05
6.1000000000e-07
7.9739000000e-05
6.6000000000e-07
7.9366000000e-05
6.4800000000e-07
7.9286000000e-05
6.0300000000e-07
8.1524000000e-05
6.1100000000e-07
8.0041000000e-05
6.1100000000e-07
7.9790000000e-05
6.2900000000e-07
8.0044000000e-05
6.3800000000e-07
7.9602000000e-05
6.5700000000e-07
7.9751000000e-05
6.4600000000e-07
8.0161000000e-05
6.4300000000e-07
7.9604000000e-05
6.2100000000e-07
7.9987000000e-05
5.9400000000e-07
7.9282000000e-05
6.6700000000e-07
7.9710000000e-05
6.3300000000e-07
7.9161000000e-05
6.3300000000e-07
7.8973000000e-05
6.0900000000e-07
8.6834000000e-05
5.7400000000e-07
8.0254000000e-05
5.7800000000e-07
7.8848000000e-05
6.1300000000e-07
7.9376000000e-05
6.4500000000e-07
7.8998000000e-05
6.4400000000e-07
8.4835000000e-05
6.5300000000e-07
8.3274000000e-05
6.3900000000e-07
7.9062000000e-05
5.9600000000e-07
7.9543000000e-05
5.6800000000e-07
7.9117000000e-05
6.0400000000e-07
7.9291000000e-05
5.9400000000e-07
7.8657000000e-05
5.6000000000e-07
7.8958000000e-05
5.8400000000e-07
7.9114000000e-05
5.6700000000e-07
7.9678000000e-05
5.8000000000e-07
8.0190000000e-05
5.8800000000e-07
7.9122000000e-05
5.7600000000e-07
7.9098000000e-05
5.4300000000e-07
7.9176000000e-05
5.8500000000e-07
7.9499000000e-05
5.8000000000e-07
7.9832000000e-05
5.7800000000e-07
7.8967000000e-05
5.5900000000e-07
8.3583000000e-05
5.7700000000e-07
8.0205000000e-05
5.6600000000e-07
8.0364000000e-05
5.7400000000e-07
8.0554000000e-05
6.2300000000e-07
7.9020000000e-05
6.2700000000e-07
7.8763000000e-05
6.0200000000e-07
7.9561000000e-05
5.6400000000e-07
7.9280000000e-05
5.5200000000e-07
7.8698000000e-05
5.5300000000e-07
7.9366000000e-05
6.0700000000e-07
7.9087000000e-05
6.1100000000e-07
8.0075000000e-05
5.5400000000e-07
7.9772000000e-05
5.4300000000e-07
7.8966000000e-05
5.7400000000e-07
7.9805000000e-05
5.5300000000e-07
7.9295000000e-05
5.6800000000e-07
7.8372000000e-05
5.7500000000e-07
7.9431000000e-05
5.5900000000e-07
7.9893000000e-05
6.0900000000e-07
7.8672000000e-05
5.5300000000e-07
7.9864000000e-05
5.3300000000e-07
7.9255000000e-05
5.7400000000e-07
8.0282000000e-05
6.1500000000e-07
7.9982000000e-05
5.7400000000e-07
7.9401000000e-05
5.9200000000e-07
7.9461000000e-05
5.9200000000e-07
7.9733000000e-05
6.0700000000e-07
7.9620000000e-05
5.6000000000e-07
7.8487000000e-05
5.2900000000e-07
8.0489000000e-05
5.7800000000e-07
8.6307000000e-05
5.6300000000e-07
7.9338000000e-05
5.9300000000e-07
7.8864000000e-05
5.5600000000e-07
7.9694000000e-05
5.7800000000e-07
7.9876000000e-05
6.0500000000e-07
7.9098000000e-05
5.8400000000e-07
7.8858000000e-05
6.0400000000e-07
8.0043000000e-05
6.1100000000e-07
7.8477000000e-05
6.0900000000e-07
7.9540000000e-05
5.7400000000e-07
7.9532000000e-05
5.9400000000e-07
7.9264000000e-05
5.9900000000e-07
7.9952000000e-05
5.6100000000e-07
8.0533000000e-05
5.6500000000e-07
7.8280000000e-05
5.6600000000e-07
7.9204000000e-05
5.6200000000e-07
7.8061000000e-05
6.0300000000e-07
8.0366000000e-05
5.5700000000e-07
7.9247000000e-05
5.4200000000e-07
7.9780000000e-05
5.4500000000e-07
7.9355000000e-05
5.6700000000e-07
7.8639000000e-05
5.5600000000e-07
7.9419000000e-05
5.6500000000e-07
7.8990000000e-05
5.4300000000e-07
8.0466000000e-05
5.3900000000e-07
8.0143000000e-05
5.4700000000e-07
7.8864000000e-05
5.4900000000e-07
7.9012000000e-05
5.9900000000e-07
7.9167000000e-05
5.7000000000e-07
7.8743000000e-05
5.4900000000e-07
7.7958000000e-05
5.7300000000e-07
7.8899000000e-05
6.1800000000e-07
7.9246000000e-05
5.8800000000e-07
7.9557000000e-05
5.6100000000e-07
7.8573000000e-05
5.4300000000e-07
7.9028000000e-05
5.8200000000e-07
7.8913000000e-05
5.7400000000e-07
8.0071000000e-05
6.0700000000e-07
7.9038000000e-05
5.5600000000e-07
7.8202000000e-05
5.4100000000e-07
7.9632000000e-05
5.3900000000e-07
7.9528000000e-05
5.7000000000e-07
7.8395000000e-05
5.7200000000e-07
7.8395000000e-05
5.5700000000e-07
7.9609000000e-05
5.3300000000e-07
7.8063000000e-05
5.8200000000e-07
7.9059000000e-05
5.4800000000e-07
7.8751000000e-05
5.3700000000e-07
7.8868000000e-05
5.5500000000e-07
7.8663000000e-05
5.5500000000e-07
7.8268000000e-05
5.9300000000e-07
9.1155000000e-05
5.9500000000e-07
7.9202000000e-05
6.1400000000e-07
7.8934000000e-05
6.2300000000e-07
7.9095000000e-05
5.8400000000e-07
7.8625000000e-05
6.0500000000e-07
7.8851000000e-05
5.5100000000e-07
7.8606000000e-05
6.0700000000e-07
7.9441000000e-05
6.3100000000e-07
7.8407000000e-05
5.7400000000e-07
7.9090000000e-05
5.6600000000e-07
7.8597000000e-05
5.5500000000e-07
8.0153000000e-05
5.8500000000e-07
7.9058000000e-05
5.4700000000e-07
7.8641000000e-05
5.8400000000e-07
7.8391000000e-05
5.6800000000e-07
7.8919000000e-05
5.4000000000e-07
7.8886000000e-05
5.5500000000e-07
7.8080000000e-05
5.3300000000e-07
7.9067000000e-05
5.4100000000e-07
7.8557000000e-05
5.9500000000e-07
7.8505000000e-05
5.8600000000e-07
7.8897000000e-05
5.5200000000e-07
7.8302000000e-05
6.2100000000e-07
7.9251000000e-05
6.0300000000e-07
7.8413000000e-05
6.1200000000e-07
7.9323000000e-05
6.1100000000e-07
7.8702000000e-05
6.2100000000e-07
8.3794000000e-05
6.4600000000e-07
8.2967000000e-05
5.9400000000e-07
7.8241000000e-05
6.2100000000e-07
7.9190000000e-05
6.3100000000e-07
7.9616000000e-05
6.2700000000e-07
7.8307000000e-05
6.2700000000e-07
7.9052000000e-05
5.8900000000e-07
7.8310000000e-05
5.8600000000e-07
7.8797000000e-05
5.9400000000e-07
7.9239000000e-05
5.7100000000e-07
7.8227000000e-05
5.4300000000e-07
7.8033000000e-05
5.8400000000e-07
7.8370000000e-05
5.3900000000e-07
7.8409000000e-05
5.5500000000e-07
7.8708000000e-05
5.4900000000e-07
7.7919000000e-05
5.4500000000e-07
7.8792000000e-05
5.3100000000e-07
8.1184000000e-05
5.7400000000e-07
8.0198000000e-05
5.7100000000e-07
7.9728000000e-05
6.4500000000e-07
7.8934000000e-05
6.0000000000e-07
7.8524000000e-05
6.1500000000e-07
7.8377000000e-05
6.2100000000e-07
7.9163000000e-05
5.8800000000e-07
7.9050000000e-05
5.6300000000e-07
7.8899000000e-05
5.6700000000e-07
7.9239000000e-05
5.7600000000e-07
7.8063000000e-05
5.5700000000e-07
7.8827000000e-05
5.8000000000e-07
7.8438000000e-05
5.9700000000e-07
7.8573000000e-05
6.0300000000e-07
7.7460000000e-05
5.9200000000e-07
7.8939000000e-05
6.1400000000e-07
7.8707000000e-05
5.9000000000e-07
7.8955000000e-05
5.6200000000e-07
7.8358000000e-05
5.5800000000e-07
7.8997000000e-05
5.6900000000e-07
7.8453000000e-05
5.3300000000e-07
7.8741000000e-05
5.6700000000e-07
7.8461000000e-05
5.6400000000e-07
7.8921000000e-05
5.5400000000e-07
7.8337000000e-05
5.8700000000e-07
7.7698000000e-05
5.9600000000e-07
7.8874000000e-05
5.6800000000e-07
7.8694000000e-05
5.9500000000e-07
7.8605000000e-05
6.1000000000e-07
7.8684000000e-05
5.3943000000e-05
6.4240000000e-05
6.4400000000e-07
6.2366000000e-05
1.5769000000e-05
6.6301000000e-05
5.0000000000e-07
6.2324000000e-05
1.2988000000e-05
6.2981000000e-05
5.5500000000e-07
6.1970000000e-05
1.1280000000e-05
6.3095000000e-05
4.4900000000e-07
6.2015000000e-05
1.9134000000e-05
6.3663000000e-05
5.5400000000e-07
6.2174000000e-05
1.6070000000e-05
6.3249000000e-05
4.7000000000e-07
6.2220000000e-05
1.8742000000e-05
6.2630000000e-05
5.4900000000e-07
6.1603000000e-05
1.4283000000e-05
6.2154000000e-05
4.8700000000e-07
6.1906000000e-05
1.5800000000e-05
6.2226000000e-05
5.3500000000e-07
6.1664000000e-05
1.4530000000e-05
6.2353000000e-05
5.0400000000e-07
6.1447000000e-05
1.5435000000e-05
6.2515000000e-05
5.0200000000e-07
6.1868000000e-05
7.8340000000e-06
6.2329000000e-05
4.6700000000e-07
6.2152000000e-05
1.9929000000e-05
6.2351000000e-05
5.4900000000e-07
6.3377000000e-05
1.4363000000e-05
6.3373000000e-05
4.4600000000e-07
6.2406000000e-05
1.8380000000e-05
6.2852000000e-05
5.0000000000e-07
6.1660000000e-05
1.4185000000e-05
6.2989000000e-05
4.3200000000e-07
6.2138000000e-05
1.8651000000e-05
6.2715000000e-05
4.8900000000e-07
6.1709000000e-05
1.1529000000e-05
6.2583000000e-05
4.3000000000e-07
6.1500000000e-05
1.8458000000e-05
6.2706000000e-05
4.9600000000e-07
6.2082000000e-05
1.5925000000e-05
6.2650000000e-05
4.8700000000e-07
6.1578000000e-05
1.5382000000e-05
6.3241000000e-05
5.2900000000e-07
6.2415000000e-05
1.4466000000e-05
6.2140000000e-05
4.5100000000e-07
6.1312000000e-05
1.5421000000e-05
6.2632000000e-05
5.2100000000e-07
6.1455000000e-05
1.1505000000e-05
6.2966000000e-05
5.1400000000e-07
6.1460000000e-05
1.8294000000e-05
6.2607000000e-05
5.2900000000e-07
6.2210000000e-05
1.1037000000e-05
6.3478000000e-05
4.5500000000e-07
6.2108000000e-05
2.0187000000e-05
6.2284000000e-05
5.2400000000e-07
6.1867000000e-05
7.9210000000e-06
6.2146000000e-05
4.5800000000e-07
6.1593000000e-05
1.2306000000e-05
6.2368000000e-05
4.6300000000e-07
6.1677000000e-05
7.9410000000e-06
6.2703000000e-05
4.1300000000e-07
6.1720000000e-05
1.2025000000e-05
6.2685000000e-05
4.9000000000e-07
6.1713000000e-05
7.9380000000e-06
6.2894000000e-05
4.4500000000e-07
6.1370000000e-05
1.2732000000e-05
6.3263000000e-05
5.2000000000e-07
6.1619000000e-05
9.4450000000e-06
6.2324000000e-05
4.9700000000e-07
6.2025000000e-05
1.1941000000e-05
6.2472000000e-05
4.8200000000e-07
6.1542000000e-05
7.8980000000e-06
6.2465000000e-05
4.3100000000e-07
6.1216000000e-05
1.1855000000e-05
6.2828000000e-05
4.8200000000e-07
6.1742000000e-05
7.6950000000e-06
6.2402000000e-05
4.5200000000e-07
6.1603000000e-05
1.1980000000e-05
6.2365000000e-05
5.3300000000e-07
6.1378000000e-05
7.8280000000e-06
6.2246000000e-05
5.0300000000e-07
6.1736000000e-05
1.3362000000e-05
6.2501000000e-05
5.0000000000e-07
6.1886000000e-05
7.6730000000e-06
6.2419000000e-05
4.5500000000e-07
6.1708000000e-05
1.5376000000e-05
6.2320000000e-05
4.9000000000e-07
6.1244000000e-05
1.4411000000e-05
6.2210000000e-05
4.3700000000e-07
6.1476000000e-05
1.8190000000e-05
6.2343000000e-05
4.8000000000e-07
6.1146000000e-05
1.1308000000e-05
9.4622000000e-05
4.6100000000e-07
6.2822000000e-05
1.1820000000e-05
6.3084000000e-05
5.0100000000e-07
6.1980000000e-05
2.2884000000e-05
6.3403000000e-05
5.0800000000e-07
6.1710000000e-05
1.7577000000e-05
6.2941000000e-05
4.5300000000e-07
6.2010000000e-05
1.8308000000e-05
6.2320000000e-05
4.9000000000e-07
6.1937000000e-05
7.7270000000e-06
6.3101000000e-05
4.2700000000e-07
6.1845000000e-05
1.8448000000e-05
6.2728000000e-05
5.0600000000e-07
6.2120000000e-05
7.7480000000e-06
6.3134000000e-05
4.2600000000e-07
6.2123000000e-05
1.3292000000e-05
6.3398000000e-05
5.3700000000e-07
6.1619000000e-05
7.5600000000e-06
6.6392000000e-05
4.3700000000e-07
6.3906000000e-05
1.8224000000e-05
6.2726000000e-05
4.4300000000e-07
6.1890000000e-05
1.4326000000e-05
6.2782000000e-05
4.2400000000e-07
6.1935000000e-05
1.8614000000e-05
6.2697000000e-05
4.3300000000e-07
6.2733000000e-05
7.7010000000e-06
6.2663000000e-05
4.6300000000e-07
6.1654000000e-05
1.8378000000e-05
6.3358000000e-05
4.2600000000e-07
6.1814000000e-05
1.5861000000e-05
6.3070000000e-05
4.0400000000e-07
6.2140000000e-05
1.8526000000e-05
6.3108000000e-05
4.7400000000e-07
6.2066000000e-05
1.4258000000e-05
6.2350000000e-05
4.4100000000e-07
6.1969000000e-05
1.8857000000e-05
6.2906000000e-05
4.7500000000e-07
6.1681000000e-05
1.5207000000e-05
6.2496000000e-05
4.4600000000e-07
6.1087000000e-05
1.1775000000e-05
6.2417000000e-05
4.2600000000e-07
6.1261000000e-05
1.4354000000e-05
6.3191000000e-05
4.1700000000e-07
6.2222000000e-05
1.3037000000e-05
6.2332000000e-05
4.4000000000e-07
6.1942000000e-05
7.6910000000e-06
6.2367000000e-05
4.1200000000e-07
6.1242000000e-05
1.8423000000e-05
7.4513000000e-05
4.3900000000e-07
6.3158000000e-05
1.4340000000e-05
6.2433000000e-05
4.6400000000e-07
6.1881000000e-05
2.1388000000e-05
6.2767000000e-05
4.8700000000e-07
6.1954000000e-05
1.1154000000e-05
6.3585000000e-05
4.2400000000e-07
6.2122000000e-05
1.8439000000e-05
6.3025000000e-05
4.3500000000e-07
6.1937000000e-05
1.2726000000e-05
6.2420000000e-05
4.1800000000e-07
6.1949000000e-05
1.4845000000e-05
6.3306000000e-05
4.2600000000e-07
6.1535000000e-05
1.4458000000e-05
6.2322000000e-05
4.4800000000e-07
6.2103000000e-05
1.8353000000e-05
6.2666000000e-05
4.3400000000e-07
6.1854000000e-05
1.1131000000e-05
6.3691000000e-05
4.7400000000e-07
6.1954000000e-05
1.5535000000e-05
6.2480000000e-05
4.2900000000e-07
6.1570000000e-05
1.4564000000e-05
6.3270000000e-05
4.0800000000e-07
6.1720000000e-05
1.9911000000e-05
6.2987000000e-05
4.2600000000e-07
6.1642000000e-05
1.4435000000e-05
6.2720000000e-05
4.2300000000e-07
6.2578000000e-05
1.4980000000e-05
6.2688000000e-05
4.5300000000e-07
6.1933000000e-05
1.1160000000e-05
6.3305000000e-05
4.3400000000e-07
6.1429000000e-05
1.8343000000e-05
6.2794000000e-05
4.2400000000e-07
6.1388000000e-05
1.4424000000e-05
6.2581000000e-05
4.3200000000e-07
6.1536000000e-05
1.4992000000e-05
6.2519000000e-05
5.0800000000e-07
6.2373000000e-05
9.2560000000e-06
6.2812000000e-05
4.4900000000e-07
6.1204000000e-05
1.5161000000e-05
6.2741000000e-05
4.0600000000e-07
6.1814000000e-05
1.4362000000e-05
6.2396000000e-05
4.1800000000e-07
6.1861000000e-05
1.8407000000e-05
6.3154000000e-05
4.4900000000e-07
6.1517000000e-05
1.4558000000e-05
6.2730000000e-05
4.2200000000e-07
6.1998000000e-05
1.5088000000e-05
6.2640000000e-05
4.6500000000e-07
6.1496000000e-05
8.0780000000e-06
6.2386000000e-05
4.4300000000e-07
6.1529000000e-05
1.6699000000e-05
6.3127000000e-05
4.3600000000e-07
6.1677000000e-05
1.4400000000e-05
6.2728000000e-05
4.1200000000e-07
6.1617000000e-05
1.8526000000e-05
6.2991000000e-05
4.0400000000e-07
6.1993000000e-05
7.6810000000e-06
6.2660000000e-05
4.1700000000e-07
6.1726000000e-05
1.8650000000e-05
6.2775000000e-05
4.2000000000e-07
6.1422000000e-05
1.4512000000e-05
6.2955000000e-05
4.7300000000e-07
6.1702000000e-05
1.3548000000e-05
6.2218000000e-05
4.1300000000e-07
6.1907000000e-05
7.8120000000e-06
6.2691000000e-05
4.3200000000e-07
6.2355000000e-05
1.8257000000e-05
6.2750000000e-05
4.6100000000e-07
6.1838000000e-05
1.4381000000e-05
6.2396000000e-05
4.2800000000e-07
6.2114000000e-05
1.8439000000e-05
6.2974000000e-05
4.3900000000e-07
6.2326000000e-05
7.6790000000e-06
6.2835000000e-05
4.1600000000e-07
6.2179000000e-05
1.2011000000e-05
6.2547000000e-05
4.1800000000e-07
6.2134000000e-05
1.5930000000e-05
6.2593000000e-05
4.2200000000e-07
6.2123000000e-05
1.8336000000e-05
6.3304000000e-05
4.2600000000e-07
6.1631000000e-05
1.4687000000e-05
6.2802000000e-05
4.3100000000e-07
6.2349000000e-05
1.1895000000e-05
6.3396000000e-05
4.6600000000e-07
6.1474000000e-05
1.4280000000e-05
6.2785000000e-05
4.6100000000e-07
6.1851000000e-05
1.8296000000e-05
6.3495000000e-05
4.1800000000e-07
6.1913000000e-05
1.4391000000e-05
6.2806000000e-05
4.7000000000e-07
6.2090000000e-05
1.9985000000e-05
6.3148000000e-05
4.2500000000e-07
6.2591000000e-05
1.4408000000e-05
6.9743000000e-05
4.6900000000e-07
6.1769000000e-05
1.8382000000e-05
6.2823000000e-05
4.5300000000e-07
6.1906000000e-05
2.1439000000e-05
6.2673000000e-05
4.2000000000e-07
6.1902000000e-05
7.7450000000e-06
6.2306000000e-05
4.3500000000e-07
6.1452000000e-05
1.5080000000e-05
6.2369000000e-05
4.5900000000e-07
6.1613000000e-05
1.1204000000e-05
6.2359000000e-05
3.9700000000e-07
6.1618000000e-05
1.3253000000e-05
6.2405000000e-05
4.2800000000e-07
6.1803000000e-05
1.1047000000e-05
7.4140000000e-05
3.9400000000e-07
6.2300000000e-05
1.8623000000e-05
6.2553000000e-05
4.0600000000e-07
6.1986000000e-05
1.4431000000e-05
6.7136000000e-05
4.1900000000e-07
6.2922000000e-05
1.8919000000e-05
6.3163000000e-05
8.5935800000e-04
6.6363000000e-05
1.6199000000e-05
6.4224000000e-05
4.5900000000e-07
6.2103000000e-05
1.2728000000e-05
6.3145000000e-05
4.5500000000e-07
6.2271000000e-05
1.4609000000e-05
6.2683000000e-05
4.6100000000e-07
6.2519000000e-05
1.8634000000e-05
6.2960000000e-05
5.2100000000e-07
6.2232000000e-05
1.4462000000e-05
6.7143000000e-05
4.1800000000e-07
6.1872000000e-05
1.8368000000e-05
6.3069000000e-05
4.2400000000e-07
6.2368000000e-05
7.8690000000e-06
6.2666000000e-05
4.3400000000e-07
6.1486000000e-05
1.3464000000e-05
6.3206000000e-05
4.5500000000e-07
6.1881000000e-05
7.7360000000e-06
6.2171000000e-05
4.6500000001e-07
6.1618000000e-05
1.8257000000e-05
6.2943000000e-05
4.1800000000e-07
6.2517000000e-05
7.8200000000e-06
6.2546000000e-05
4.5500000000e-07
6.1652000000e-05
1.8426000000e-05
6.2633000000e-05
4.4800000000e-07
6.1894000000e-05
1.4388000000e-05
6.2897000000e-05
4.2600000000e-07
6.1933000000e-05
1.8576000000e-05
6.4312000000e-05
4.3700000000e-07
6.1847000000e-05
1.6252000000e-05
6.2638000000e-05
4.1400000000e-07
6.1845000000e-05
1.8925000000e-05
6.2476000000e-05
4.2000000000e-07
6.2105000000e-05
1.1091000000e-05
6.2706000000e-05
4.1000000000e-07
6.2136000000e-05
1.5242000000e-05
6.2386000000e-05
4.1200000000e-07
6.2002000000e-05
1.4429000000e-05
6.2263000000e-05
4.3900000000e-07
6.1771000000e-05
1.8359000000e-05
6.2399000000e-05
4.3900000000e-07
6.1463000000e-05
1.4459000000e-05
6.2476000000e-05
4.1400000000e-07
6.1556000000e-05
1.6660000000e-05
6.3068000000e-05
4.2800000000e-07
6.2224000000e-05
7.8300000000e-06
6.2304000000e-05
4.2800000000e-07
6.1757000000e-05
1.5159000000e-05
6.3074000000e-05
4.3600000000e-07
6.1623000000e-05
1.4458000000e-05
6.2894000000e-05
4.4500000000e-07
6.1833000000e-05
1.8564000000e-05
6.2464000000e-05
4.5300000000e-07
6.2250000000e-05
1.4425000000e-05
6.3466000000e-05
4.6500000001e-07
6.1868000000e-05
1.5167000000e-05
6.3015000000e-05
4.3100000000e-07
6.2283000000e-05
9.4860000000e-06
6.3068000000e-05
4.4300000000e-07
6.1790000000e-05
1.5132000000e-05
6.3015000000e-05
4.4100000000e-07
6.1929000000e-05
1.1624000000e-05
6.2587000000e-05
4.2600000000e-07
6.2451000000e-05
1.5202000000e-05
6.2515000000e-05
4.6600000000e-07
6.2349000000e-05
1.1218000000e-05
6.3027000000e-05
4.3600000001e-07
6.1888000000e-05
1.5008000000e-05
6.2726000000e-05
4.5500000000e-07
6.1810000000e-05
1.4517000000e-05
6.2808000000e-05
4.2900000000e-07
6.2931000000e-05
1.9815000000e-05
6.3298000000e-05
4.3100000000e-07
6.2322000000e-05
1.1236000000e-05
6.2740000000e-05
4.1800000000e-07
6.1916000000e-05
1.1482000000e-05
6.2747000000e-05
4.3400000000e-07
6.1959000000e-05
1.1283000000e-05
6.2540000000e-05
4.2600000000e-07
6.2055000000e-05
1.8349000000e-05
6.3145000000e-05
4.1800000000e-07
6.2255000000e-05
7.8120000000e-06
6.2491000000e-05
4.3400000000e-07
6.2088000000e-05
1.3400000000e-05
6.2773000000e-05
4.0400000000e-07
6.2001000000e-05
7.7750000000e-06
6.2771000000e-05
4.2200000000e-07
6.1538000000e-05
1.8415000000e-05
6.2643000000e-05
4.2600000000e-07
6.1894000000e-05
1.4387000000e-05
6.2750000000e-05
4.4200000000e-07
6.1543000000e-05
1.8687000000e-05
6.3108000000e-05
4.6900000000e-07
6.1865000000e-05
1.4589000000e-05
6.2813000000e-05
4.5500000000e-07
6.1503000000e-05
1.8464000000e-05
6.3380000000e-05
4.5100000000e-07
6.1795000000e-05
9.3280000000e-06
6.3380000000e-05
4.4300000000e-07
6.2017000000e-05
1.8373000000e-05
6.2378000000e-05
4.5300000000e-07
6.1927000000e-05
1.4078000000e-05
6.2439000000e-05
4.4500000000e-07
6.1769000000e-05
1.8652000000e-05
6.3012000000e-05
4.0800000000e-07
6.1644000000e-05
1.4404000000e-05
6.2820000000e-05
4.3100000000e-07
6.2535000000e-05
1.8342000000e-05
6.3322000000e-05
4.0800000000e-07
6.2921000000e-05
1.4726000000e-05
6.6602000000e-05
4.7800000001e-07
6.2461000000e-05
1.3494000000e-05
6.2295000000e-05
4.3800000001e-07
6.2058000000e-05
1.4462000000e-05
6.3054000000e-05
4.1600000000e-07
6.1978000000e-05
1.8486000000e-05
6.2742000000e-05
4.0800000000e-07
6.1513000000e-05
1.4411000000e-05
6.2218000000e-05
4.5100000000e-07
6.1998000000e-05
1.8265000000e-05
6.2306000000e-05
4.3200000000e-07
6.1903000000e-05
1.4439000000e-05
6.2606000000e-05
4.1000000000e-07
6.1242000000e-05
1.8796000000e-05
6.3208000000e-05
4.5500000000e-07
6.1691000000e-05
2.3406000000e-05
6.3808000000e-05
4.3800000000e-07
6.1581000000e-05
7.7520000000e-06
6.2320000000e-05
4.1600000000e-07
6.4194000000e-05
1.5294000000e-05
6.3839000000e-05
4.3600000000e-07
6.1304000000e-05
1.4535000000e-05
6.2315000000e-05
4.1999999999e-07
6.1292000000e-05
1.8349000000e-05
6.2228000000e-05
4.3700000000e-07
6.1792000000e-05
1.4384000000e-05
6.2343000000e-05
4.4700000000e-07
6.1532000000e-05
1.8667000000e-05
6.2603000000e-05
4.1500000000e-07
6.1144000000e-05
1.6210000000e-05
6.3066000000e-05
4.5900000000e-07
6.1613000000e-05
1.8565000000e-05
6.2751000000e-05
4.4900000000e-07
6.2103000000e-05
1.1054000000e-05
6.2480000000e-05
4.2200000000e-07
6.1468000000e-05
1.1795000000e-05
6.2503000000e-05
4.3800000000e-07
6.1650000000e-05
1.1084000000e-05
6.2203000000e-05
4.4600000000e-07
6.2571000000e-05
1.8519000000e-05
6.2619000000e-05
4.2000000000e-07
6.1394000000e-05
1.1142000000e-05
6.2386000000e-05
4.3100000000e-07
6.1709000000e-05
1.3186000000e-05
6.2689000000e-05
4.0800000000e-07
6.2026000000e-05
1.1296000000e-05
6.3232000000e-05
4.1200000000e-07
6.1963000000e-05
1.5289000000e-05
6.2599000000e-05
4.4200000000e-07
6.1609000000e-05
7.8650000000e-06
6.3896000000e-05
3.9900000000e-07
6.1948000000e-05
1.1833000000e-05
6.3015000000e-05
4.2200000000e-07
6.2064000000e-05
1.1032000000e-05
6.2638000000e-05
4.4400000000e-07
6.1855000000e-05
1.8292000000e-05
6.2771000000e-05
4.3900000000e-07
6.1705000000e-05
1.2758000000e-05
6.2543000000e-05
4.2400000000e-07
6.1974000000e-05
1.5107000000e-05
6.2872000000e-05
4.1600000000e-07
6.1815000000e-05
1.1109000000e-05
7.3958000000e-05
4.4900000000e-07
6.2822000000e-05
1.4746000000e-05
6.3146000000e-05
4.3700000000e-07
6.2213000000e-05
1.4599000000e-05
6.2300000000e-05
4.2900000000e-07
6.1168000000e-05
1.8695000000e-05
6.3252000000e-05
4.3200000000e-07
6.2066000000e-05
1.5980000000e-05
6.2597000000e-05
4.4200000000e-07
6.1945000000e-05
1.8323000000e-05
6.2394000000e-05
4.8200000000e-07
6.1208000000e-05
1.4386000000e-05
6.2068000000e-05
4.1400000000e-07
6.1726000000e-05
1.8665000000e-05
6.2548000000e-05
4.4700000000e-07
6.1853000000e-05
1.4533000000e-05
6.2528000000e-05
4.1000000000e-07
6.1452000000e-05
1.1572000000e-05
6.2550000000e-05
4.2500000000e-07
6.1863000000e-05
1.4343000000e-05
6.2357000000e-05
4.0200000000e-07
6.1433000000e-05
1.3267000000e-05
6.2336000000e-05
4.0500000000e-07
6.1125000000e-05
7.6910000000e-06
6.2037000000e-05
4.3000000000e-07
6.2224000000e-05
1.8432000000e-05
6.2447000000e-05
3.9500000000e-07
6.1612000000e-05
7.7380000000e-06
6.2281000000e-05
3.9600000000e-07
6.1577000000e-05
1.8400000000e-05
6.2463000000e-05
4.4400000000e-07
6.1374000000e-05
7.6260000000e-06
6.2697000000e-05
4.3900000000e-07
6.1603000000e-05
1.8403000000e-05
6.2298000000e-05
4.2900000000e-07
6.1914000000e-05
1.5883000000e-05
6.2277000000e-05
4.2200000000e-07
6.2335000000e-05
1.8206000000e-05
6.3018000000e-05
4.3200000000e-07
6.1290000000e-05
1.4536000000e-05
6.3486000000e-05
4.5900000000e-07
6.2189000000e-05
1.8483000000e-05
6.3464000000e-05
4.5100000000e-07
6.2097000000e-05
1.4532000000e-05
6.3114000000e-05
4.3400000000e-07
6.1345000000e-05
1.8272000000e-05
6.3013000000e-05
4.2600000000e-07
6.1696000000e-05
1.1644000000e-05
6.3216000000e-05
4.1800000000e-07
6.1814000000e-05
1.7972000000e-05
6.2826000000e-05
4.2800000000e-07
6.2124000000e-05
1.4509000000e-05
6.2620000000e-05
4.2500000000e-07
6.1371000000e-05
1.8382000000e-05
6.2490000000e-05
4.0800000000e-07
6.2446000000e-05
1.4566000000e-05
6.2514000000e-05
4.0800000000e-07
6.1699000000e-05
1.4761000000e-05
6.2944000000e-05
4.2200000000e-07
6.1693000000e-05
1.1171000000e-05
6.2517000000e-05
4.0500000000e-07
6.2174000000e-05
1.6486000000e-05
6.2730000000e-05
4.0800000000e-07
6.1675000000e-05
1.0916000000e-05
6.3140000000e-05
4.1900000000e-07
6.1379000000e-05
1.5147000000e-05
6.2474000000e-05
4.2800000000e-07
6.2175000000e-05
1.1113000000e-05
6.2853000000e-05
4.4300000000e-07
6.1747000000e-05
1.8558000000e-05
6.2720000000e-05
4.2000000000e-07
6.1689000000e-05
1.4361000000e-05
6.2804000000e-05
4.1600000000e-07
6.2302000000e-05
1.5212000000e-05
6.2765000000e-05
4.1800000000e-07
6.1607000000e-05
1.2606000000e-05
6.2732000000e-05
4.4300000000e-07
6.1900000000e-05
1.5003000000e-05
6.2646000000e-05
4.2200000000e-07
6.2191000000e-05
8.0510000000e-06
6.2984000000e-05
4.2000000000e-07
2.8852700000e-04
1.1963000000e-05
6.4259000000e-05
5.1000000000e-07
6.1826000000e-05
7.7010000000e-06
6.3013000000e-05
8.3449500000e-04
6.9569000000e-05
2.0105000000e-05
6.3371000000e-05
4.8400000000e-07
6.2050000000e-05
8.6560000000e-06
6.2652000000e-05
4.4500000000e-07
6.1986000000e-05
1.8339000000e-05
6.2919000000e-05
5.1500000000e-07
6.2380000000e-05
7.7050000000e-06
6.3289000000e-05
4.5700000000e-07
6.2285000000e-05
1.8293000000e-05
6.2567000000e-05
5.0000000000e-07
6.2093000000e-05
7.6910000000e-06
6.3203000000e-05
4.1800000000e-07
6.2941000000e-05
2.4872000000e-05
6.3297000000e-05
4.6900000000e-07
6.1978000000e-05
1.5349000000e-05
6.2269000000e-05
4.5700000000e-07
6.1761000000e-05
1.8317000000e-05
6.3153000000e-05
4.7400000000e-07
6.2177000000e-05
1.4667000000e-05
6.2401000000e-05
4.5500000000e-07
6.2076000000e-05
1.8808000000e-05
6.2510000000e-05
4.9600000000e-07
6.1437000000e-05
1.4577000000e-05
6.2349000000e-05
4.1500000000e-07
6.1830000000e-05
1.5221000000e-05
6.2357000000e-05
4.9200000000e-07
6.2751000000e-05
7.7350000000e-06
6.3017000000e-05
4.4300000000e-07
6.1830000000e-05
1.3075000000e-05
6.2483000000e-05
4.9800000000e-07
6.1699000000e-05
7.6680000000e-06
6.2397000000e-05
4.2900000000e-07
6.2400000000e-05
1.4922000000e-05
6.2777000000e-05
5.1700000000e-07
6.1519000000e-05
1.4402000000e-05
6.2091000000e-05
4.3400000000e-07
6.1823000000e-05
1.8582000000e-05
6.2381000000e-05
4.8600000000e-07
6.1552000000e-05
1.4684000000e-05
6.2119000000e-05
4.5700000000e-07
6.1142000000e-05
1.8388000000e-05
6.2032000000e-05
4.6100000000e-07
6.2218000000e-05
1.5856000000e-05
6.2812000000e-05
4.5900000000e-07
6.2072000000e-05
1.4901000000e-05
6.2388000000e-05
4.7600000000e-07
6.1882000000e-05
7.7690000000e-06
6.2876000000e-05
4.2800000000e-07
6.2228000000e-05
1.1668000000e-05
6.2482000000e-05
4.6500000000e-07
6.1776000000e-05
1.1396000000e-05
6.2899000000e-05
4.3800000001e-07
6.1334000000e-05
1.8678000000e-05
6.2806000000e-05
4.7000000000e-07
6.2400000000e-05
1.4367000000e-05
6.2612000000e-05
4.4300000000e-07
6.2347000000e-05
2.0263000000e-05
6.2761000000e-05
5.0200000000e-07
6.1818000000e-05
2.4548000000e-05
6.2770000000e-05
4.9000000000e-07
6.2027000000e-05
7.7550000000e-06
6.2962000000e-05
4.4700000000e-07
6.2445000000e-05
1.8391000000e-05
6.2722000000e-05
4.5900000000e-07
6.2168000000e-05
1.4468000000e-05
6.2773000000e-05
4.8800000000e-07
6.1966000000e-05
1.1732000000e-05
6.2747000000e-05
4.4900000000e-07
6.1915000000e-05
1.5874000000e-05
6.2635000000e-05
4.5100000001e-07
6.2679000000e-05
1.8341000000e-05
6.2878000000e-05
4.7200000000e-07
6.2181000000e-05
7.6280000000e-06
6.2216000000e-05
4.3100000000e-07
6.2006000000e-05
1.8435000000e-05
6.3108000000e-05
4.8300000000e-07
6.2420000000e-05
1.4572000000e-05
6.2513000000e-05
4.4400000000e-07
6.1952000000e-05
1.8302000000e-05
6.2707000000e-05
4.7000000000e-07
6.1789000000e-05
1.4314000000e-05
6.2493000000e-05
4.5700000000e-07
6.2122000000e-05
2.0175000000e-05
6.2796000000e-05
4.8800000000e-07
6.2355000000e-05
1.4365000000e-05
6.2817000000e-05
4.2600000000e-07
6.1778000000e-05
1.1533000000e-05
6.2750000000e-05
4.6800000000e-07
6.2130000000e-05
1.4486000000e-05
6.2353000000e-05
4.2800000000e-07
6.2031000000e-05
1.1640000000e-05
6.2460000000e-05
4.5500000000e-07
6.1811000000e-05
7.6430000000e-06
6.2570000000e-05
4.5500000000e-07
6.1945000000e-05
1.8165000000e-05
6.3054000000e-05
4.7199999999e-07
6.1542000000e-05
9.1830000000e-06
6.2806000000e-05
4.1600000000e-07
6.1932000000e-05
1.8279000000e-05
6.2732000000e-05
5.7400000000e-07
6.1710000000e-05
7.6070000000e-06
6.2120000000e-05
4.4500000000e-07
6.1804000000e-05
1.8282000000e-05
6.3243000000e-05
5.3500000000e-07
6.2107000000e-05
1.4213000000e-05
6.2564000000e-05
4.6099999999e-07
6.1951000000e-05
2.4975000000e-05
6.2667000000e-05
5.1700000001e-07
6.1927000000e-05
1.4445000000e-05
6.2295000000e-05
4.6300000001e-07
6.1528000000e-05
1.6437000000e-05
6.2611000000e-05
4.9199999999e-07
6.1858000000e-05
7.8950000000e-06
6.2201000000e-05
4.5899999999e-07
6.1738000000e-05
1.5033000000e-05
6.3249000000e-05
5.0800000000e-07
6.2718000000e-05
1.4427000000e-05
6.2769000000e-05
4.8400000001e-07
6.1793000000e-05
1.8550000000e-05
6.2601000000e-05
5.1400000001e-07
6.1888000000e-05
1.4454000000e-05
6.3107000000e-05
4.4900000000e-07
6.1982000000e-05
1.8452000000e-05
7.0897000000e-05
5.2800000000e-07
6.5639000000e-05
1.5933000000e-05
6.2661000000e-05
4.4500000000e-07
6.2169000000e-05
1.5000000000e-05
6.3506000000e-05
5.1000000000e-07
6.2321000000e-05
1.1000000000e-05
6.3177000000e-05
4.5700000000e-07
6.1708000000e-05
1.5136000000e-05
6.2656000000e-05
5.0000000000e-07
6.1992000000e-05
1.1084000000e-05
6.2677000000e-05
4.3299999999e-07
6.1486000000e-05
1.8302000000e-05
6.2793000000e-05
5.0600000000e-07
6.1913000000e-05
1.4511000000e-05
6.2368000000e-05
4.2600000000e-07
6.2034000000e-05
1.6550000000e-05
6.2782000000e-05
5.1099999999e-07
6.2330000000e-05
1.1135000000e-05
6.2497000000e-05
4.1599999999e-07
6.3554000000e-05
1.5058000000e-05
6.2650000000e-05
4.8699999999e-07
6.2056000000e-05
1.1429000000e-05
6.2082000000e-05
4.3600000001e-07
6.1966000000e-05
1.4973000000e-05
6.2455000000e-05
5.3400000000e-07
6.1871000000e-05
1.1208000000e-05
6.2718000000e-05
4.3900000000e-07
6.2013000000e-05
1.8484000000e-05
6.2516000000e-05
5.2700000000e-07
6.1789000000e-05
1.2580000000e-05
6.2683000000e-05
4.5500000000e-07
6.2196000000e-05
2.1349000000e-05
6.2622000000e-05
5.3500000000e-07
6.1966000000e-05
7.6790000000e-06
6.2263000000e-05
4.0899999999e-07
6.1639000000e-05
1.1754000000e-05
6.3054000000e-05
4.7099999999e-07
6.1574000000e-05
7.6240000000e-06
6.2943000000e-05
4.5899999999e-07
6.1806000000e-05
1.8354000000e-05
6.2171000000e-05
5.1200000001e-07
6.1505000000e-05
1.6206000000e-05
6.2417000000e-05
4.3199999999e-07
6.1812000000e-05
1.1500000000e-05
6.2313000000e-05
4.8100000000e-07
6.1972000000e-05
7.5540000000e-06
6.2527000000e-05
4.1199999999e-07
6.2091000000e-05
1.8273000000e-05
6.3213000000e-05
4.8799999999e-07
6.1884000000e-05
1.4429000000e-05
6.2208000000e-05
4.6000000001e-07
6.2314000000e-05
1.8157000000e-05
6.2253000000e-05
5.0800000001e-07
6.2301000000e-05
1.4642000000e-05
6.2642000000e-05
4.4100000000e-07
6.1843000000e-05
1.9929000000e-05
6.2469000000e-05
4.8100000000e-07
6.1867000000e-05
1.4421000000e-05
6.3029000000e-05
4.4700000000e-07
6.1530000000e-05
1.8486000000e-05
6.2441000000e-05
5.0200000000e-07
6.2089000000e-05
1.4238000000e-05
6.2757000000e-05
4.4400000000e-07
6.2507000000e-05
1.8257000000e-05
6.2566000000e-05
4.8899999999e-07
6.1851000000e-05
1.4818000000e-05
6.3057000000e-05
4.3399999999e-07
6.1693000000e-05
1.1496000000e-05
6.2919000000e-05
5.1599999999e-07
6.2466000000e-05
9.2260000000e-06
6.2638000000e-05
4.4700000000e-07
6.2091000000e-05
1.8119000000e-05
6.2263000000e-05
5.2300000000e-07
6.1241000000e-05
1.4322000000e-05
6.2800000000e-05
4.7200000000e-07
6.1199000000e-05
1.8220000000e-05
6.2150000000e-05
5.0400000000e-07
6.1513000000e-05
2.4681000000e-05
7.3725000000e-05
5.4300000001e-07
6.2620000000e-05
1.1128000000e-05
6.2947000000e-05
4.8900000001e-07
6.1935000000e-05
1.4959000000e-05
6.2507000000e-05
5.0600000001e-07
6.1382000000e-05
1.6309000000e-05
6.2713000000e-05
4.5899999999e-07
6.2070000000e-05
1.4994000000e-05
6.2259000000e-05
5.1300000001e-07
6.1499000000e-05
1.1115000000e-05
6.2743000000e-05
4.3400000001e-07
6.1745000000e-05
1.8454000000e-05
6.2484000000e-05
5.0200000000e-07
6.1974000000e-05
1.1167000000e-05
6.2380000000e-05
4.6299999999e-07
6.1446000000e-05
1.5029000000e-05
6.2996000000e-05
5.1299999999e-07
6.1500000000e-05
1.4398000000e-05
6.2581000000e-05
4.9200000000e-07
6.1851000000e-05
2.0044000000e-05
6.2586000000e-05
4.8499999999e-07
6.1334000000e-05
1.4358000000e-05
6.2371000000e-05
4.8699999999e-07
6.2285000000e-05
1.5110000000e-05
6.2398000000e-05
5.3100000000e-07
6.2177000000e-05
1.1189000000e-05
6.1953000000e-05
4.7300000000e-07
6.1638000000e-05
1.8425000000e-05
6.2161000000e-05
5.2300000000e-07
6.1699000000e-05
1.4435000000e-05
6.1906000000e-05
4.2100000000e-07
6.2093000000e-05
1.8219000000e-05
6.2341000000e-05
5.2100000000e-07
6.1718000000e-05
1.5952000000e-05
6.2792000000e-05
4.3899999999e-07
6.1742000000e-05
1.8276000000e-05
6.2093000000e-05
5.2800000000e-07
6.1934000000e-05
1.4716000000e-05
6.2652000000e-05
4.6099999999e-07
6.1570000000e-05
1.8425000000e-05
6.2869000000e-05
5.2200000000e-07
6.2038000000e-05
1.4544000000e-05
6.2220000000e-05
4.5300000000e-07
6.2304000000e-05
1.4945000000e-05
6.3116000000e-05
4.8000000000e-07
6.2275000000e-05
1.1134000000e-05
6.2825000000e-05
4.6500000001e-07
6.1703000000e-05
2.6346000000e-05
6.2903000000e-05
5.2700000000e-07
6.2230000000e-05
1.4365000000e-05
6.3140000000e-05
4.7800000000e-07
6.1677000000e-05
1.8347000000e-05
6.3101000000e-05
4.9500000000e-07
6.1812000000e-05
7.6600000000e-06
6.2612000000e-05
8.5835900000e-04
6.9058000000e-05
1.8497000000e-05
6.2440000000e-05
5.3500000001e-07
6.2433000000e-05
1.2535000000e-05
6.3049000000e-05
4.5200000000e-07
6.1994000000e-05
1.5245000000e-05
6.2435000000e-05
5.3300000001e-07
6.1099000000e-05
1.4595000000e-05
6.2525000000e-05
4.5300000000e-07
6.1657000000e-05
1.5105000000e-05
6.2345000000e-05
5.1299999999e-07
6.1787000000e-05
7.8160000000e-06
6.2820000000e-05
4.4700000000e-07
6.1575000000e-05
1.5435000000e-05
6.2491000000e-05
4.8799999999e-07
6.1494000000e-05
1.4375000000e-05
6.2736000000e-05
4.4700000000e-07
7.2854000000e-05
1.9958000000e-05
6.4284000000e-05
5.0400000000e-07
6.2849000000e-05
1.4613000000e-05
6.3119000000e-05
4.5700000000e-07
6.2687000000e-05
1.5300000000e-05
6.3783000000e-05
4.9600000000e-07
6.1952000000e-05
1.1054000000e-05
6.2841000000e-05
4.2000000000e-07
6.2484000000e-05
1.8563000000e-05
6.5281000000e-05
5.1800000000e-07
6.2481000000e-05
1.1000000000e-05
6.3170000000e-05
4.4199999999e-07
6.2173000000e-05
1.1788000000e-05
6.3247000000e-05
4.7600000000e-07
6.1660000000e-05
1.2642000000e-05
6.2741000000e-05
4.5700000000e-07
6.3742000000e-05
1.8419000000e-05
6.3597000000e-05
5.1600000001e-07
6.1972000000e-05
1.1081000000e-05
6.2685000000e-05
4.3700000001e-07
6.2169000000e-05
1.5023000000e-05
6.2406000000e-05
5.0700000000e-07
6.1824000000e-05
1.4539000000e-05
6.3615000000e-05
4.0999999999e-07
6.3089000000e-05
2.4833000000e-05
6.3437000000e-05
4.7700000000e-07
6.1808000000e-05
1.6247000000e-05
6.3079000000e-05
4.6499999999e-07
6.1726000000e-05
1.8429000000e-05
6.2788000000e-05
5.2500000000e-07
6.1320000000e-05
1.4386000000e-05
6.2593000000e-05
4.6300000001e-07
6.2105000000e-05
1.8460000000e-05
6.2773000000e-05
5.1499999999e-07
6.1779000000e-05
7.8130000000e-06
6.2787000000e-05
4.2400000000e-07
6.1722000000e-05
1.8460000000e-05
6.2825000000e-05
4.9299999999e-07
6.2132000000e-05
1.4482000000e-05
6.2859000000e-05
4.4700000000e-07
6.2105000000e-05
1.3282000000e-05
6.3302000000e-05
5.0900000000e-07
6.1916000000e-05
7.8010000000e-06
6.2445000000e-05
4.3300000001e-07
6.1714000000e-05
1.8360000000e-05
6.2197000000e-05
5.1000000001e-07
6.2007000000e-05
1.4279000000e-05
6.2491000000e-05
4.2600000000e-07
6.1648000000e-05
1.8368000000e-05
6.2986000000e-05
4.7900000001e-07
6.1744000000e-05
1.4573000000e-05
6.2161000000e-05
4.1799999999e-07
1.3636900000e-04
1.8332000000e-05
6.3072000000e-05
5.0500000000e-07
1.3579000000e-04
1.5991000000e-05
6.2914000000e-05
4.3000000000e-07
1.3626000000e-04
1.8255000000e-05
6.2732000000e-05
4.9800000000e-07
1.3597200000e-04
1.4673000000e-05
6.3689000000e-05
4.4900000000e-07
1.3577700000e-04
1.8397000000e-05
6.2267000000e-05
5.1099999999e-07
1.3646500000e-04
7.9200000000e-06
6.2576000000e-05
4.3100000000e-07
1.3636200000e-04
1.1783000000e-05
6.2722000000e-05
4.8000000000e-07
1.3650200000e-04
1.4564000000e-05
6.2962000000e-05
4.3699999999e-07
1.3663300000e-04
1.9837000000e-05
6.2898000000e-05
5.0300000000e-07
1.3630500000e-04
2.1243000000e-05
6.2985000000e-05
5.0200000000e-07
1.3673700000e-04
1.1091000000e-05
6.3512000000e-05
4.4600000000e-07
1.3668900000e-04
1.8487000000e-05
6.2896000000e-05
5.3100000001e-07
1.3660800000e-04
1.4378000000e-05
6.3208000000e-05
4.7099999999e-07
1.3613700000e-04
1.8306000000e-05
6.6814000000e-05
5.1700000001e-07
6.3750000000e-05
1.4794000000e-05
6.3665000000e-05
4.7400000000e-07
1.3653200000e-04
2.0144000000e-05
6.4878000000e-05
5.1600000001e-07
6.3423000000e-05
1.4405000000e-05
6.3052000000e-05
4.3499999999e-07
1.3632100000e-04
1.5023000000e-05
6.2689000000e-05
5.1700000001e-07
1.3665100000e-04
7.6090000000e-06
6.3423000000e-05
4.3900000000e-07
1.3591000000e-04
1.2062000000e-05
6.3441000000e-05
5.1300000001e-07
1.3647300000e-04
7.9150000000e-06
6.3386000000e-05
4.3900000000e-07
1.3636000000e-04
1.4989000000e-05
6.2314000000e-05
5.2500000000e-07
1.3661000000e-04
1.5996000000e-05
6.3373000000e-05
4.3600000001e-07
1.3645100000e-04
1.8610000000e-05
6.2640000000e-05
4.7400000000e-07
1.4375400000e-04
1.4623000000e-05
6.3387000000e-05
4.5400000001e-07
1.3642800000e-04
1.5011000000e-05
6.3589000000e-05
4.9000000001e-07
1.3654500000e-04
1.1103000000e-05
6.3517000000e-05
4.0599999999e-07
1.3644400000e-04
1.8580000000e-05
6.3006000000e-05
4.8300000000e-07
1.3660900000e-04
1.4443000000e-05
6.3374000000e-05
4.2200000000e-07
1.3619200000e-04
2.0015000000e-05
6.3504000000e-05
4.9500000000e-07
6.7798000000e-05
1.4369000000e-05
6.4087000000e-05
4.4700000000e-07
1.3644600000e-04
1.8357000000e-05
6.2751000000e-05
5.0400000000e-07
1.3623300000e-04
1.4337000000e-05
6.3399000000e-05
4.7300000000e-07
6.2334000000e-05
2.4755000000e-05
6.3347000000e-05
4.9500000000e-07
6.2322000000e-05
7.9410000000e-06
6.2722000000e-05
4.2800000000e-07
6.1740000000e-05
1.9956000000e-05
6.3649000000e-05
5.1600000001e-07
6.2595000000e-05
1.4394000000e-05
6.2948000000e-05
4.5700000001e-07
6.2185000000e-05
1.8244000000e-05
6.2999000000e-05
5.2900000000e-07
6.2349000000e-05
1.4615000000e-05
6.2800000000e-05
4.3199999999e-07
6.2429000000e-05
1.8347000000e-05
6.2675000000e-05
5.1600000001e-07
6.2228000000e-05
1.4492000000e-05
6.3215000000e-05
4.3199999999e-07
6.2162000000e-05
1.8392000000e-05
6.2793000000e-05
5.3200000001e-07
6.3177000000e-05
9.2770000000e-06
6.3552000000e-05
4.4700000000e-07
6.1855000000e-05
1.1793000000e-05
6.2613000000e-05
5.0500000000e-07
6.2167000000e-05
1.4277000000e-05
6.2976000000e-05
4.1400000000e-07
6.2603000000e-05
1.8401000000e-05
6.3907000000e-05
4.8599999999e-07
6.2058000000e-05
1.4433000000e-05
6.2689000000e-05
4.3400000001e-07
6.1796000000e-05
1.8425000000e-05
6.2927000000e-05
5.1499999999e-07
6.3203000000e-05
1.4318000000e-05
6.2983000000e-05
4.3199999999e-07
6.2632000000e-05
2.0097000000e-05
6.2884000000e-05
5.1399999999e-07
6.2333000000e-05
1.4708000000e-05
6.3107000000e-05
4.3400000001e-07
6.2588000000e-05
1.8265000000e-05
6.3634000000e-05
4.9799999999e-07
6.2154000000e-05
1.4152000000e-05
6.2476000000e-05
4.3199999999e-07
6.2798000000e-05
1.8239000000e-05
6.2857000000e-05
5.0000000000e-07
6.2443000000e-05
7.8820000000e-06
6.2378000000e-05
4.1200000001e-07
6.1980000000e-05
1.1552000000e-05
6.2640000000e-05
5.2499999999e-07
6.2115000000e-05
1.5769000000e-05
6.2437000000e-05
4.2300000000e-07
6.1976000000e-05
2.1337000000e-05
6.3051000000e-05
5.3500000000e-07
6.2636000000e-05
1.1109000000e-05
6.3258000000e-05
4.1800000000e-07
6.2431000000e-05
1.8437000000e-05
6.3578000000e-05
4.6300000001e-07
6.2214000000e-05
1.4363000000e-05
6.2962000000e-05
4.3000000000e-07
6.1661000000e-05
1.8321000000e-05
6.2798000000e-05
4.7600000000e-07
6.2064000000e-05
1.4334000000e-05
6.2517000000e-05
4.2000000000e-07
6.2040000000e-05
1.9909000000e-05
6.3592000000e-05
4.7300000000e-07
6.2167000000e-05
1.4378000000e-05
6.2951000000e-05
4.1800000000e-07
6.2033000000e-05
1.8486000000e-05
6.3269000000e-05
4.6500000001e-07
6.2136000000e-05
1.1413000000e-05
6.3191000000e-05
4.4000000000e-07
6.2128000000e-05
1.4966000000e-05
6.2838000000e-05
4.7900000000e-07
6.2214000000e-05
1.4384000000e-05
6.3009000000e-05
4.3599999999e-07
6.2288000000e-05
1.8360000000e-05
6.2990000000e-05
4.8400000001e-07
6.1897000000e-05
1.2792000000e-05
6.3103000000e-05
4.2900000001e-07
6.1792000000e-05
1.5103000000e-05
6.3209000000e-05
5.1499999999e-07
6.2759000000e-05
1.4247000000e-05
6.3560000000e-05
4.2400000000e-07
6.2023000000e-05
1.5162000000e-05
6.3258000000e-05
4.7500000000e-07
6.2239000000e-05
7.8730000000e-06
6.2804000000e-05
4.0600000001e-07
6.2497000000e-05
1.5000000000e-05
6.3074000000e-05
5.1800000000e-07
6.2243000000e-05
1.4460000000e-05
6.2704000000e-05
4.3399999999e-07
6.2679000000e-05
2.0179000000e-05
6.3565000000e-05
4.7100000000e-07
6.2404000000e-05
1.4571000000e-05
6.2960000000e-05
4.2900000000e-07
6.2293000000e-05
1.8146000000e-05
6.3423000000e-05
4.8699999999e-07
6.2695000000e-05
1.7950000000e-05
6.3235000000e-05
4.9200000000e-07
6.2660000000e-05
7.9080000000e-06
7.3702000000e-05
4.2300000001e-07
6.2965000000e-05
1.8275000000e-05
6.2491000000e-05
4.9000000001e-07
6.2146000000e-05
1.5888000000e-05
6.3232000000e-05
4.1099999999e-07
6.2149000000e-05
1.8273000000e-05
6.2310000000e-05
4.9000000001e-07
6.2251000000e-05
1.4681000000e-05
6.2692000000e-05
4.2600000000e-07
6.2218000000e-05
1.8427000000e-05
6.2535000000e-05
5.1399999999e-07
6.2124000000e-05
1.4322000000e-05
6.2478000000e-05
4.4300000000e-07
6.3251000000e-05
1.8187000000e-05
6.2648000000e-05
4.8300000000e-07
6.1966000000e-05
1.4304000000e-05
6.3172000000e-05
4.3800000001e-07
6.8755000000e-05
1.9964000000e-05
7.0079000000e-05
5.0200000000e-07
6.3023000000e-05
1.4431000000e-05
6.3023000000e-05
4.5300000000e-07
6.2286000000e-05
1.2249000000e-05
6.3333000000e-05
4.8999999999e-07
6.2310000000e-05
7.9520000000e-06
6.2623000000e-05
8.1252700000e-04
6.7909000000e-05
1.5511000000e-05
6.4931000000e-05
5.1600000001e-07
6.2300000000e-05
1.2382000000e-05
6.2847000000e-05
4.3700000001e-07
6.2519000000e-05
1.6706000000e-05
6.3583000000e-05
5.0800000000e-07
6.2722000000e-05
1.1468000000e-05
6.3044000000e-05
4.3400000001e-07
6.2544000000e-05
1.8573000000e-05
6.3014000000e-05
4.8799999999e-07
6.2824000000e-05
1.4473000000e-05
6.6732000000e-05
4.2800000000e-07
6.1935000000e-05
1.8636000000e-05
6.2654000000e-05
5.2699999999e-07
6.2153000000e-05
1.1386000000e-05
6.2744000000e-05
4.4500000000e-07
6.2056000000e-05
1.5165000000e-05
6.3110000000e-05
5.2700000000e-07
6.2215000000e-05
1.5996000000e-05
6.2587000000e-05
4.3200000001e-07
6.1523000000e-05
1.8294000000e-05
6.3441000000e-05
5.2900000000e-07
6.2507000000e-05
7.7250000000e-06
6.4070000000e-05
4.3700000001e-07
6.2388000000e-05
1.8565000000e-05
6.3316000000e-05
4.6999999999e-07
6.2259000000e-05
7.7290000000e-06
6.2642000000e-05
4.3599999999e-07
6.1886000000e-05
1.1728000000e-05
6.3166000000e-05
5.0800000000e-07
6.2308000000e-05
9.2660000000e-06
6.2699000000e-05
4.5200000000e-07
6.2205000000e-05
1.8247000000e-05
6.2953000000e-05
5.1400000001e-07
6.2204000000e-05
7.7030000000e-06
6.2861000000e-05
4.4500000000e-07
6.2319000000e-05
1.8662000000e-05
6.2740000000e-05
4.9000000001e-07
6.2224000000e-05
1.4394000000e-05
6.2761000000e-05
4.2000000000e-07
6.2376000000e-05
1.8321000000e-05
6.2763000000e-05
5.1399999999e-07
6.2386000000e-05
7.7280000000e-06
6.4002000000e-05
4.5100000000e-07
6.2705000000e-05
1.9841000000e-05
6.2978000000e-05
5.0200000000e-07
6.2335000000e-05
1.4642000000e-05
6.3300000000e-05
4.2000000000e-07
6.1989000000e-05
1.1708000000e-05
6.2956000000e-05
5.1199999999e-07
6.2019000000e-05
1.4400000000e-05
6.2421000000e-05
4.4700000000e-07
6.2269000000e-05
1.8486000000e-05
6.3388000000e-05
5.0800000000e-07
6.2834000000e-05
1.4360000000e-05
6.2999000000e-05
4.4099999999e-07
6.2203000000e-05
1.8550000000e-05
6.3212000000e-05
5.0200000000e-07
6.2187000000e-05
1.5931000000e-05
6.3230000000e-05
4.2400000000e-07
6.2937000000e-05
1.8401000000e-05
6.3298000000e-05
4.8400000000e-07
6.2048000000e-05
1.4425000000e-05
6.3038000000e-05
4.7000000000e-07
6.2109000000e-05
1.8419000000e-05
6.2818000000e-05
5.0600000000e-07
6.2256000000e-05
7.7350000000e-06
6.2757000000e-05
4.4100000000e-07
6.1806000000e-05
1.5030000000e-05
6.2707000000e-05
5.0900000000e-07
6.2490000000e-05
1.1279000000e-05
6.3130000000e-05
4.5899999999e-07
6.3154000000e-05
2.0016000000e-05
6.3085000000e-05
5.0700000001e-07
6.2726000000e-05
1.4639000000e-05
6.3402000000e-05
4.4100000000e-07
6.2890000000e-05
1.6771000000e-05
6.3214000000e-05
5.0300000000e-07
6.2287000000e-05
1.1273000000e-05
6.3525000000e-05
4.3100000001e-07
6.2494000000e-05
1.8564000000e-05
6.3362000000e-05
5.3100000001e-07
6.2200000000e-05
1.1369000000e-05
6.2747000000e-05
4.6099999999e-07
6.1968000000e-05
1.5261000000e-05
6.2851000000e-05
5.0600000000e-07
6.2140000000e-05
1.2635000000e-05
6.3195000000e-05
4.4900000000e-07
6.2242000000e-05
1.5186000000e-05
6.3009000000e-05
5.2700000000e-07
6.3671000000e-05
1.4492000000e-05
6.3134000000e-05
4.5100000000e-07
6.2546000000e-05
1.8412000000e-05
6.2843000000e-05
4.9800000000e-07
6.1636000000e-05
1.4370000000e-05
6.3219000000e-05
4.4000000000e-07
6.2034000000e-05
1.8433000000e-05
6.3060000000e-05
4.8999999999e-07
6.2214000000e-05
1.1281000000e-05
6.2591000000e-05
4.4300000000e-07
6.2530000000e-05
1.3204000000e-05
6.2621000000e-05
5.1999999999e-07
6.2068000000e-05
1.1015000000e-05
6.2964000000e-05
4.4400000000e-07
6.2353000000e-05
1.8476000000e-05
6.3101000000e-05
4.9400000000e-07
6.2134000000e-05
1.4335000000e-05
6.3027000000e-05
4.3799999999e-07
6.2702000000e-05
1.8558000000e-05
6.2791000000e-05
4.9000000001e-07
6.2864000000e-05
1.4542000000e-05
6.3001000000e-05
4.2500000001e-07
6.1916000000e-05
1.8359000000e-05
6.2674000000e-05
5.2200000000e-07
6.1845000000e-05
1.9490000000e-05
6.3232000000e-05
4.8499999999e-07
6.1995000000e-05
1.4294000000e-05
6.2674000000e-05
4.4900000000e-07
6.2076000000e-05
1.1683000000e-05
6.2170000000e-05
5.0800000000e-07
6.2175000000e-05
1.4271000000e-05
6.2916000000e-05
4.5899999999e-07
6.1856000000e-05
2.2767000000e-05
6.7742000000e-05
5.0000000000e-07
6.2322000000e-05
7.7270000000e-06
7.2115000000e-05
4.8499999999e-07
6.2960000000e-05
1.8534000000e-05
6.2935000000e-05
5.0800000000e-07
6.2363000000e-05
1.4687000000e-05
6.2988000000e-05
4.3599999999e-07
6.3118000000e-05
1.8171000000e-05
6.3257000000e-05
4.8400000001e-07
6.2357000000e-05
1.4443000000e-05
6.3169000000e-05
4.4100000000e-07
6.4763000000e-05
1.8231000000e-05
6.3038000000e-05
5.4500000000e-07
6.2222000000e-05
1.4379000000e-05
6.2693000000e-05
4.4100000000e-07
6.1843000000e-05
2.0099000000e-05
6.3133000000e-05
5.0600000000e-07
6.1863000000e-05
7.9370000000e-06
6.4587000000e-05
4.3399999999e-07
6.2177000000e-05
1.8457000000e-05
6.2709000000e-05
4.4800000000e-07
6.2379000000e-05
1.4371000000e-05
6.2797000000e-05
4.2200000000e-07
6.1931000000e-05
1.1753000000e-05
6.2931000000e-05
4.8300000000e-07
6.2388000000e-05
1.4331000000e-05
6.3554000000e-05
4.5000000000e-07
6.1947000000e-05
1.7989000000e-05
6.2904000000e-05
4.8800000001e-07
6.1724000000e-05
9.2850000000e-06
6.2210000000e-05
4.4900000000e-07
6.1931000000e-05
1.1742000000e-05
6.2546000000e-05
4.9199999999e-07
6.1988000000e-05
1.4468000000e-05
6.3814000000e-05
4.4700000000e-07
6.2237000000e-05
1.8284000000e-05
6.3200000000e-05
4.9100000001e-07
6.1880000000e-05
1.4687000000e-05
6.2517000000e-05
4.3500000001e-07
6.2312000000e-05
2.4639000000e-05
6.3374000000e-05
4.9600000000e-07
6.2165000000e-05
1.4400000000e-05
6.2800000000e-05
4.6500000001e-07
6.2109000000e-05
1.6632000000e-05
6.2825000000e-05
5.0800000001e-07
6.1685000000e-05
1.1050000000e-05
6.2353000000e-05
4.5000000000e-07
6.2267000000e-05
1.8634000000e-05
6.2722000000e-05
5.3300000000e-07
6.2161000000e-05
1.4464000000e-05
6.3560000000e-05
4.6299999999e-07
6.1827000000e-05
1.8511000000e-05
6.3398000000e-05
5.0200000000e-07
6.2115000000e-05
1.4412000000e-05
6.2990000000e-05
4.7800000000e-07
6.1824000000e-05
1.8363000000e-05
6.2739000000e-05
5.3300000000e-07
6.5054000000e-05
1.2689000000e-05
6.3640000000e-05
4.2800000000e-07
6.1769000000e-05
1.1769000000e-05
6.3132000000e-05
5.1100000001e-07
6.1750000000e-05
1.1168000000e-05
6.2611000000e-05
4.0400000000e-07
6.2353000000e-05
1.8450000000e-05
6.2622000000e-05
5.4299999999e-07
6.1805000000e-05
1.1057000000e-05
6.2595000000e-05
4.5100000000e-07
6.2011000000e-05
1.5353000000e-05
6.2732000000e-05
5.1899999999e-07
6.1841000000e-05
1.4482000000e-05
6.3257000000e-05
4.3800000001e-07
6.1574000000e-05
2.0050000000e-05
6.3064000000e-05
5.1600000001e-07
6.2238000000e-05
1.4411000000e-05
6.2894000000e-05
4.6099999999e-07
6.1984000000e-05
1.8388000000e-05
6.2301000000e-05
4.9600000000e-07
6.1833000000e-05
1.4430000000e-05
6.2703000000e-05
4.7300000000e-07
6.2018000000e-05
1.8440000000e-05
6.2648000000e-05
5.3500000000e-07
6.2699000000e-05
1.4460000000e-05
6.4245000000e-05
4.4900000000e-07
6.2573000000e-05
1.8253000000e-05
6.2796000000e-05
5.3100000000e-07
6.2011000000e-05
1.5899000000e-05
6.2832000000e-05
4.3900000000e-07
6.2113000000e-05
2.4780000000e-05
6.3121000000e-05
5.5600000000e-07
6.2307000000e-05
7.7710000000e-06
6.2439000000e-05
4.5700000000e-07
6.1943000000e-05
1.1805000000e-05
6.2916000000e-05
5.0800000000e-07
6.1708000000e-05
1.4420000000e-05
6.3082000000e-05
4.3000000001e-07
6.1656000000e-05
1.8484000000e-05
6.3080000000e-05
4.9299999999e-07
6.2412000000e-05
1.5921000000e-05
6.2728000000e-05
4.1800000000e-07
6.1845000000e-05
1.8753000000e-05
6.3029000000e-05
5.1499999999e-07
6.1884000000e-05
7.7380000000e-06
6.2899000000e-05
4.3300000001e-07
6.2150000000e-05
1.1800000000e-05
6.2546000000e-05
4.8700000001e-07
6.2147000000e-05
1.4498000000e-05
6.2207000000e-05
4.3800000001e-07
6.2050000000e-05
1.8322000000e-05
6.3080000000e-05
5.0100000000e-07
6.4865000000e-05
1.4273000000e-05
6.2771000000e-05
4.4200000000e-07
6.1989000000e-05
1.3960000000e-05
6.2864000000e-05
5.4899999999e-07
6.2391000000e-05
1.4359000000e-05
6.2474000000e-05
5.1200000001e-07
6.2017000000e-05
1.8441000000e-05
6.3054000000e-05
5.3500000001e-07
6.3546000000e-05
1.4357000000e-05
6.3295000000e-05
4.2100000000e-07
6.2166000000e-05
1.8291000000e-05
6.2976000000e-05
5.0400000001e-07
6.2081000000e-05
1.4315000000e-05
6.3210000000e-05
4.4500000000e-07
6.2093000000e-05
1.8392000000e-05
6.2795000000e-05
5.2000000000e-07
6.2546000000e-05
9.2510000000e-06
6.3167000000e-05
4.5300000001e-07
6.2048000000e-05
1.8401000000e-05
6.2480000000e-05
5.1200000001e-07
6.2835000000e-05
1.4433000000e-05
6.4189000000e-05
4.3100000001e-07
6.1836000000e-05
1.8529000000e-05
6.2912000000e-05
8.5922900000e-04
7.0454000000e-05
2.4927000000e-05
6.5487000000e-05
5.6799999999e-07
6.2447000000e-05
9.2360000000e-06
6.2234000000e-05
4.3200000001e-07
6.1971000000e-05
1.1822000000e-05
7.4444000000e-05
4.8300000001e-07
6.2575000000e-05
7.6810000000e-06
6.4179000000e-05
4.3299999999e-07
6.2457000000e-05
1.8957000000e-05
6.4343000000e-05
4.9400000000e-07
6.2439000000e-05
7.6790000000e-06
6.2809000000e-05
4.2800000000e-07
6.1937000000e-05
1.8389000000e-05
6.2780000000e-05
5.1600000001e-07
6.5581000000e-05
1.4517000000e-05
6.7152000000e-05
4.2600000000e-07
6.2546000000e-05
1.3271000000e-05
6.3048000000e-05
5.0600000000e-07
6.2153000000e-05
1.4396000000e-05
6.2741000000e-05
4.3600000001e-07
6.1498000000e-05
1.8461000000e-05
6.3136000000e-05
5.1900000000e-07
6.2869000000e-05
1.4447000000e-05
6.2548000000e-05
4.5300000000e-07
6.2004000000e-05
1.8580000000e-05
6.3136000000e-05
5.0000000000e-07
6.4831000000e-05
1.4345000000e-05
6.2802000000e-05
4.5100000000e-07
6.1689000000e-05
1.1923000000e-05
6.2915000000e-05
5.2000000000e-07
6.2324000000e-05
1.6013000000e-05
6.3130000000e-05
4.3500000001e-07
6.2373000000e-05
1.8517000000e-05
6.3342000000e-05
4.9399999999e-07
6.1749000000e-05
1.4539000000e-05
6.3144000000e-05
4.6199999999e-07
6.1988000000e-05
1.2128000000e-05
6.2665000000e-05
5.1100000001e-07
6.1943000000e-05
1.4279000000e-05
6.2371000000e-05
4.4900000001e-07
6.1867000000e-05
1.8579000000e-05
6.2984000000e-05
5.2100000000e-07
6.1763000000e-05
1.4230000000e-05
6.2838000000e-05
4.5700000001e-07
6.2002000000e-05
1.9919000000e-05
6.2765000000e-05
4.9200000000e-07
6.2259000000e-05
1.4462000000e-05
6.3794000000e-05
4.3199999999e-07
6.2089000000e-05
2.4909000000e-05
6.3320000000e-05
5.0600000000e-07
6.1796000000e-05
1.1105000000e-05
6.2546000000e-05
4.2200000000e-07
6.2480000000e-05
1.5235000000e-05
6.3452000000e-05
5.1400000001e-07
6.1752000000e-05
1.1041000000e-05
6.2559000000e-05
4.5700000001e-07
6.2567000000e-05
1.5170000000e-05
6.2789000000e-05
5.2900000000e-07
6.1492000000e-05
1.2929000000e-05
6.2951000000e-05
4.1400000000e-07
6.1767000000e-05
1.5062000000e-05
6.2878000000e-05
4.8599999999e-07
6.2195000000e-05
1.4420000000e-05
6.2876000000e-05
4.4700000000e-07
6.1791000000e-05
1.8343000000e-05
6.2908000000e-05
4.8100000000e-07
6.2335000000e-05
1.1095000000e-05
6.2951000000e-05
4.4300000000e-07
6.1777000000e-05
1.1691000000e-05
6.2713000000e-05
4.8999999999e-07
6.2355000000e-05
1.1054000000e-05
6.2620000000e-05
4.0599999999e-07
6.1882000000e-05
2.0155000000e-05
6.3048000000e-05
4.8200000000e-07
6.2119000000e-05
1.4486000000e-05
6.2312000000e-05
4.1600000000e-07
6.1724000000e-05
1.8626000000e-05
6.2922000000e-05
5.1800000000e-07
6.5041000000e-05
1.4068000000e-05
6.3060000000e-05
4.5700000000e-07
6.2402000000e-05
1.5160000000e-05
6.2904000000e-05
4.8599999999e-07
6.1586000000e-05
1.1178000000e-05
6.2808000000e-05
4.3700000001e-07
6.2150000000e-05
1.8382000000e-05
6.3071000000e-05
4.9800000000e-07
6.1722000000e-05
1.2691000000e-05
6.2405000000e-05
4.4000000000e-07
6.1964000000e-05
1.5058000000e-05
6.3217000000e-05
4.9800000000e-07
6.2208000000e-05
1.4669000000e-05
6.2452000000e-05
4.4200000000e-07
6.1843000000e-05
1.8421000000e-05
6.2679000000e-05
5.1199999999e-07
6.1700000000e-05
1.1044000000e-05
6.2876000000e-05
4.4900000000e-07
6.1747000000e-05
2.1603000000e-05
6.2755000000e-05
5.0400000001e-07
6.2538000000e-05
9.2590000000e-06
6.2763000000e-05
4.4300000000e-07
6.2153000000e-05
1.8628000000e-05
6.5865000000e-05
5.1300000001e-07
6.1837000000e-05
7.9370000000e-06
6.4022000000e-05
4.3400000001e-07
6.1955000000e-05
1.8429000000e-05
6.2634000000e-05
