isend N: 3200
isend totaltime: 4.1775134000e-02
isend avg: 1.3054729375e-05
isend std-dev: 4.0521636081e-05
----
5.1510000000e-06
5.6100000000e-07
3.3900000000e-07
2.6600000000e-07
2.6400000000e-07
2.7500000000e-07
2.6800000000e-07
1.3444100000e-04
7.2600000000e-07
3.3700000000e-07
3.0100000000e-07
2.7100000000e-07
2.5600000000e-07
4.0600000000e-07
2.9700000000e-07
9.9233000000e-05
6.3500000000e-07
3.0700000000e-07
2.6300000000e-07
2.7400000000e-07
3.0500000000e-07
3.0700000000e-07
2.9500000000e-07
9.6330000000e-05
5.9700000000e-07
3.1500000000e-07
3.0400000000e-07
2.6600000000e-07
2.6500000000e-07
3.0200000000e-07
2.5600000000e-07
9.6066000000e-05
5.3700000000e-07
3.0200000000e-07
3.0900000000e-07
2.7000000000e-07
3.0800000000e-07
3.0300000000e-07
2.5800000000e-07
9.6169000000e-05
5.7800000000e-07
3.7300000000e-07
3.0700000000e-07
2.5800000000e-07
2.6900000000e-07
4.1000000000e-07
2.9500000000e-07
9.5879000000e-05
5.7400000000e-07
3.0400000000e-07
3.2800000000e-07
3.3400000000e-07
3.0900000000e-07
3.0600000000e-07
2.5400000000e-07
8.5421000000e-05
5.3700000000e-07
3.0100000000e-07
3.1200000000e-07
3.0500000000e-07
3.0700000000e-07
3.8400000000e-07
3.0300000000e-07
8.3264000000e-05
5.4500000000e-07
3.0400000000e-07
3.0200000000e-07
2.9900000000e-07
3.0700000000e-07
2.7100000000e-07
2.6200000000e-07
8.4178000000e-05
6.0800000000e-07
3.6700000000e-07
2.8900000000e-07
2.6000000000e-07
3.1200000000e-07
4.0200000000e-07
2.9700000000e-07
8.3177000000e-05
5.7700000000e-07
3.0300000000e-07
2.7200000000e-07
2.6500000000e-07
2.6400000000e-07
3.0900000000e-07
2.7200000000e-07
8.3350000000e-05
5.9500000000e-07
3.0100000000e-07
3.0500000000e-07
2.7900000000e-07
3.0500000000e-07
3.0400000000e-07
2.5800000000e-07
8.3358000000e-05
5.7900000000e-07
3.2800000000e-07
2.5900000000e-07
3.1300000000e-07
2.5400000000e-07
3.0800000000e-07
2.7200000000e-07
8.3998000000e-05
5.9600000000e-07
3.2100000000e-07
2.9700000000e-07
3.3000000000e-07
3.0200000000e-07
3.8100000000e-07
3.0900000000e-07
8.2262000000e-05
5.8800000000e-07
3.0300000000e-07
2.6200000000e-07
2.8700000000e-07
3.2800000000e-07
2.5400000000e-07
3.0200000000e-07
8.3077000000e-05
5.7000000000e-07
3.0100000000e-07
2.9500000000e-07
2.5700000000e-07
3.0500000000e-07
3.8500000000e-07
2.6400000000e-07
8.2831000000e-05
5.8000000000e-07
3.0200000000e-07
2.5800000000e-07
2.6400000000e-07
2.6600000000e-07
3.0200000000e-07
2.9900000000e-07
8.2780000000e-05
5.6300000000e-07
3.0700000000e-07
2.6000000000e-07
3.3600000000e-07
2.5600000000e-07
3.4400000000e-07
3.0800000000e-07
8.3807000000e-05
5.6200000000e-07
3.0600000000e-07
3.0700000000e-07
2.7100000000e-07
3.0500000000e-07
2.6100000000e-07
2.5600000000e-07
8.3509000000e-05
5.4800000000e-07
3.0700000000e-07
3.0700000000e-07
3.0900000000e-07
2.5600000000e-07
3.0600000000e-07
2.5200000000e-07
8.2999000000e-05
5.5400000000e-07
3.0300000000e-07
3.0100000000e-07
3.1800000000e-07
3.0300000000e-07
2.5700000000e-07
3.0400000000e-07
8.2993000000e-05
5.6800000000e-07
3.1100000000e-07
2.6400000000e-07
2.7000000000e-07
3.0800000000e-07
3.4400000000e-07
3.0300000000e-07
8.3520000000e-05
5.6500000000e-07
3.1200000000e-07
3.0100000000e-07
2.6800000000e-07
2.6900000000e-07
3.5000000000e-07
2.5900000000e-07
8.2384000000e-05
5.6400000000e-07
3.1300000000e-07
2.6400000000e-07
2.7000000000e-07
2.7500000000e-07
2.6500000000e-07
3.2300000000e-07
8.4135000000e-05
5.6600000000e-07
3.0700000000e-07
3.0300000000e-07
3.0100000000e-07
2.5600000000e-07
3.1200000000e-07
2.6200000000e-07
8.3588000000e-05
5.4500000000e-07
3.0100000000e-07
3.1000000000e-07
3.1700000000e-07
2.6500000000e-07
3.8700000000e-07
2.6200000000e-07
8.2320000000e-05
5.5800000000e-07
3.0500000000e-07
3.0700000000e-07
2.6300000000e-07
2.6600000000e-07
2.6600000000e-07
2.6000000000e-07
8.3577000000e-05
5.3300000000e-07
3.2000000000e-07
3.1100000000e-07
3.0400000000e-07
2.5800000000e-07
3.0900000000e-07
3.1400000000e-07
8.2921000000e-05
5.5100000000e-07
3.1400000000e-07
2.5700000000e-07
2.6400000000e-07
2.6600000000e-07
2.6400000000e-07
2.6200000000e-07
8.3293000000e-05
5.4700000000e-07
3.1400000000e-07
3.0500000000e-07
3.0200000000e-07
2.6000000000e-07
3.4200000000e-07
3.0300000000e-07
8.2303000000e-05
5.5600000000e-07
3.0100000000e-07
3.0200000000e-07
2.7000000000e-07
2.6400000000e-07
2.7100000000e-07
3.7900000000e-07
8.2774000000e-05
5.4100000000e-07
3.0700000000e-07
3.0700000000e-07
2.6200000000e-07
3.0700000000e-07
2.9700000000e-07
2.9500000000e-07
8.2420000000e-05
5.4800000000e-07
3.0400000000e-07
3.1300000000e-07
3.0200000000e-07
2.5200000000e-07
2.6000000000e-07
3.0700000000e-07
8.3412000000e-05
5.5900000000e-07
3.0200000000e-07
3.0700000000e-07
2.6600000000e-07
3.0800000000e-07
3.7700000000e-07
3.0300000000e-07
8.2344000000e-05
5.4100000000e-07
3.0100000000e-07
3.0300000000e-07
3.0500000000e-07
3.0600000000e-07
2.5800000000e-07
3.0300000000e-07
8.2412000000e-05
5.4500000000e-07
3.0500000000e-07
3.3000000000e-07
3.0100000000e-07
2.5600000000e-07
2.6400000000e-07
2.6000000000e-07
8.2377000000e-05
5.6400000000e-07
3.0700000000e-07
2.6600000000e-07
2.7300000000e-07
3.0500000000e-07
2.6500000000e-07
2.6400000000e-07
8.1911000000e-05
5.5300000000e-07
2.9900000000e-07
2.8900000000e-07
3.0100000000e-07
2.6300000000e-07
3.4600000000e-07
2.6000000000e-07
8.2323000000e-05
6.2100000000e-07
3.0500000000e-07
2.6000000000e-07
2.6500000000e-07
2.6600000000e-07
3.0700000000e-07
2.7300000000e-07
8.2444000000e-05
5.8400000000e-07
3.0800000000e-07
3.0500000000e-07
2.6100000000e-07
3.1000000000e-07
3.1000000000e-07
2.6300000000e-07
8.2124000000e-05
5.7400000000e-07
3.0800000000e-07
3.0700000000e-07
2.8100000000e-07
2.6200000000e-07
2.6500000000e-07
2.6800000000e-07
8.6942000000e-05
5.8200000000e-07
3.1700000000e-07
2.9500000000e-07
2.6900000000e-07
3.2600000000e-07
3.7700000000e-07
2.9700000000e-07
8.2960000000e-05
5.6500000000e-07
3.0400000000e-07
2.5900000000e-07
3.0700000000e-07
2.9700000000e-07
2.6100000000e-07
3.1100000000e-07
8.3358000000e-05
5.7000000000e-07
3.0600000000e-07
2.7000000000e-07
2.6500000000e-07
3.1100000000e-07
3.0400000000e-07
2.5800000000e-07
8.2542000000e-05
5.6700000000e-07
3.3000000000e-07
3.0300000000e-07
2.6200000000e-07
2.9700000000e-07
2.5800000000e-07
3.0200000000e-07
8.2897000000e-05
5.5900000000e-07
3.0900000000e-07
2.9700000000e-07
2.6000000000e-07
2.6900000000e-07
3.4100000000e-07
3.0100000000e-07
8.2001000000e-05
5.9400000000e-07
3.0500000000e-07
2.9100000000e-07
2.7700000000e-07
3.0500000000e-07
2.5700000000e-07
2.6200000000e-07
8.2577000000e-05
5.9500000000e-07
3.0700000000e-07
2.6500000000e-07
2.7200000000e-07
3.0600000000e-07
2.6400000000e-07
3.2000000000e-07
8.2446000000e-05
5.4300000000e-07
3.0600000000e-07
2.9700000000e-07
3.0900000000e-07
2.9800000000e-07
3.0300000000e-07
2.5600000000e-07
8.2600000000e-05
5.8200000000e-07
3.0600000000e-07
2.5200000000e-07
3.0500000000e-07
2.9700000000e-07
3.8100000000e-07
3.0400000000e-07
8.2114000000e-05
5.6200000000e-07
3.0100000000e-07
3.0500000000e-07
2.6100000000e-07
3.0700000000e-07
3.0700000000e-07
2.5500000000e-07
8.2356000000e-05
5.7200000000e-07
3.0700000000e-07
2.6500000000e-07
2.6500000000e-07
2.6200000000e-07
2.6500000000e-07
2.6400000000e-07
8.2387000000e-05
5.6000000000e-07
3.0100000000e-07
2.6800000000e-07
2.6900000000e-07
2.6200000000e-07
2.6100000000e-07
2.5900000000e-07
8.2243000000e-05
5.7800000000e-07
3.3900000000e-07
3.0300000000e-07
2.6200000000e-07
3.0300000000e-07
3.7900000000e-07
2.9700000000e-07
8.1913000000e-05
5.8800000000e-07
3.1600000000e-07
4.9862000000e-05
4.7300000000e-07
2.1900000000e-07
1.7600000000e-07
1.0746000000e-05
6.5925000000e-05
4.8900000000e-07
1.7700000000e-07
1.2394000000e-05
2.5600000000e-07
1.6600000000e-07
1.7000000000e-07
1.3675000000e-05
6.4993000000e-05
5.1000000000e-07
1.7600000000e-07
1.2043000000e-05
2.7300000000e-07
1.7900000000e-07
1.8700000000e-07
1.5234000000e-05
6.4524000000e-05
4.5100000000e-07
1.7800000000e-07
1.4968000000e-05
2.5400000000e-07
1.7000000000e-07
1.6600000000e-07
1.3138000000e-05
6.4462000000e-05
4.4500000000e-07
1.6400000000e-07
1.5501000000e-05
2.5600000000e-07
1.6800000000e-07
1.8200000000e-07
1.0195000000e-05
6.4423000000e-05
4.5500000000e-07
1.6600000000e-07
1.4705000000e-05
2.5000000000e-07
1.6600000000e-07
1.6800000000e-07
1.3150000000e-05
6.4991000000e-05
4.3600000000e-07
1.7500000000e-07
1.6351000000e-05
2.7500000000e-07
1.6900000000e-07
1.6800000000e-07
1.3578000000e-05
6.3964000000e-05
4.3200000000e-07
1.8100000000e-07
1.7941000000e-05
2.5800000000e-07
1.6800000000e-07
1.6800000000e-07
1.3431000000e-05
6.4877000000e-05
4.2400000000e-07
1.7400000000e-07
1.5083000000e-05
2.6300000000e-07
1.7000000000e-07
1.6800000000e-07
1.0209000000e-05
6.3873000000e-05
4.2700000000e-07
1.8800000000e-07
1.4454000000e-05
2.5000000000e-07
1.5000000000e-07
1.4700000000e-07
1.4898000000e-05
6.3654000000e-05
4.2700000000e-07
1.7600000000e-07
1.7888000000e-05
2.1200000000e-07
1.4700000000e-07
1.5200000000e-07
1.3152000000e-05
6.4835000000e-05
4.3300000000e-07
1.7400000000e-07
1.8017000000e-05
2.3800000000e-07
1.5200000000e-07
1.5700000000e-07
9.7320000000e-06
6.4618000000e-05
5.0200000000e-07
1.6600000000e-07
2.0818000000e-05
2.3800000000e-07
1.5200000000e-07
1.5600000000e-07
1.3217000000e-05
6.5068000000e-05
4.2600000000e-07
1.6600000000e-07
1.9842000000e-05
2.1700000000e-07
1.5000000000e-07
2.0400000000e-07
9.8900000000e-06
6.4440000000e-05
4.4200000000e-07
1.8700000000e-07
1.4617000000e-05
2.1900000000e-07
1.4800000000e-07
1.5300000000e-07
1.3017000000e-05
6.5026000000e-05
4.3200000000e-07
1.7500000000e-07
1.8101000000e-05
2.3600000000e-07
1.5000000000e-07
1.5100000000e-07
1.3466000000e-05
6.4177000000e-05
4.5700000000e-07
1.7300000000e-07
1.1949000000e-05
2.3000000000e-07
1.7000000000e-07
1.7400000000e-07
1.1185000000e-05
6.5087000000e-05
4.3400000000e-07
1.6000000000e-07
1.7819000000e-05
2.2300000000e-07
1.5100000000e-07
1.5000000000e-07
9.8850000000e-06
6.5135000000e-05
4.1600000000e-07
1.7600000000e-07
1.7824000000e-05
2.2300000000e-07
1.4400000000e-07
1.7800000000e-07
1.0097000000e-05
6.4492000000e-05
4.2000000000e-07
1.6800000000e-07
1.1347000000e-05
2.3800000000e-07
1.5100000000e-07
1.9500000000e-07
9.7830000000e-06
6.4362000000e-05
5.1700000000e-07
1.6900000000e-07
1.3066000000e-05
2.2100000000e-07
1.5600000000e-07
1.5600000000e-07
6.7850000000e-06
6.4884000000e-05
4.2300000000e-07
1.6300000000e-07
1.1349000000e-05
2.2700000000e-07
1.5000000000e-07
1.5300000000e-07
6.5980000000e-06
6.4468000000e-05
4.1800000000e-07
1.9000000000e-07
1.1491000000e-05
2.2100000000e-07
1.4800000000e-07
1.5100000000e-07
6.6690000000e-06
6.4064000000e-05
4.2700000000e-07
1.6000000000e-07
1.1526000000e-05
2.2300000000e-07
1.4600000000e-07
1.4900000000e-07
1.4947000000e-05
6.4345000000e-05
4.3700000000e-07
1.6200000000e-07
1.3050000000e-05
2.2100000000e-07
1.4800000000e-07
1.7600000000e-07
1.0777000000e-05
6.4214000000e-05
4.0400000000e-07
1.6600000000e-07
7.3920000000e-06
2.0500000000e-07
1.5000000000e-07
1.5600000000e-07
1.0615000000e-05
6.4366000000e-05
4.4700000000e-07
1.7800000000e-07
7.5480000000e-06
1.9600000000e-07
1.5300000000e-07
1.5600000000e-07
1.2136000000e-05
6.3710000000e-05
4.0600000000e-07
1.9200000000e-07
1.0817000000e-05
2.3700000000e-07
1.4900000000e-07
1.5200000000e-07
1.7115000000e-05
6.4150000000e-05
6.3600000000e-07
1.8300000000e-07
1.3962000000e-05
2.0500000000e-07
1.4900000000e-07
1.6400000000e-07
1.7071000000e-05
6.4029000000e-05
4.0900000000e-07
1.6200000000e-07
1.0671000000e-05
1.9900000000e-07
1.4900000000e-07
1.6100000000e-07
1.3853000000e-05
6.4094000000e-05
4.2200000000e-07
1.8000000000e-07
1.5366000000e-05
2.1700000000e-07
1.5400000000e-07
1.5000000000e-07
1.7054000000e-05
6.4585000000e-05
4.4300000000e-07
1.7000000000e-07
1.0941000000e-05
2.0500000000e-07
1.5600000000e-07
1.5600000000e-07
1.3839000000e-05
6.4267000000e-05
4.3400000000e-07
1.6800000000e-07
1.1353000000e-05
2.0600000000e-07
1.5200000000e-07
1.5200000000e-07
1.0580000000e-05
6.4696000000e-05
4.4300000000e-07
1.6800000000e-07
7.3870000000e-06
2.0700000000e-07
1.5300000000e-07
1.5600000000e-07
1.5402000000e-05
6.4390000000e-05
4.1200000000e-07
1.7200000000e-07
1.4103000000e-05
2.0100000000e-07
1.5300000000e-07
1.5600000000e-07
1.7054000000e-05
6.4135000000e-05
3.9300000000e-07
1.7600000000e-07
1.0586000000e-05
1.9300000000e-07
1.5300000000e-07
1.5400000000e-07
2.0015000000e-05
6.4146000000e-05
4.9800000000e-07
1.9700000000e-07
1.3812000000e-05
2.1200000000e-07
1.5900000000e-07
1.6400000000e-07
1.6997000000e-05
6.4347000000e-05
4.6500000000e-07
1.6000000000e-07
1.5368000000e-05
2.2100000000e-07
1.5600000000e-07
1.5800000000e-07
1.7115000000e-05
6.4490000000e-05
4.2200000000e-07
1.7400000000e-07
1.3812000000e-05
2.1500000000e-07
1.5400000000e-07
1.5500000000e-07
1.0847000000e-05
6.4397000000e-05
4.2000000000e-07
1.6000000000e-07
1.3927000000e-05
1.9900000000e-07
1.5000000000e-07
1.5700000000e-07
1.0597000000e-05
6.3862000000e-05
4.4200000000e-07
1.7900000000e-07
7.1990000000e-06
1.9200000000e-07
1.5400000000e-07
1.7600000000e-07
1.2113000000e-05
6.4001000000e-05
4.3800000000e-07
1.6600000000e-07
1.9058000000e-05
2.0900000000e-07
1.5200000000e-07
1.7400000000e-07
1.7484000000e-05
2.3611200000e-04
4.7300000000e-07
1.7200000000e-07
7.1740000000e-06
2.1100000000e-07
1.5500000000e-07
1.5800000000e-07
1.7142000000e-05
6.4838000000e-05
4.3900000000e-07
1.7400000000e-07
1.3865000000e-05
1.8500000000e-07
1.6000000000e-07
1.5500000000e-07
1.0437000000e-05
6.4523000000e-05
5.0000000000e-07
1.7200000000e-07
1.5320000000e-05
2.0700000000e-07
1.6200000000e-07
1.5200000000e-07
1.7117000000e-05
6.4750000000e-05
4.0400000000e-07
1.5900000000e-07
1.3948000000e-05
2.1900000000e-07
1.5400000000e-07
1.7000000000e-07
1.0496000000e-05
6.4310000000e-05
4.4000000000e-07
1.7600000000e-07
1.4008000000e-05
2.1400000000e-07
1.6400000000e-07
1.5500000000e-07
1.0796000000e-05
6.4257000000e-05
4.4400000000e-07
1.7600000000e-07
1.3814000000e-05
1.9300000000e-07
1.5500000000e-07
1.6400000000e-07
2.1868000000e-05
6.4478000000e-05
5.1300000000e-07
1.7200000000e-07
1.0810000000e-05
1.9900000000e-07
1.5300000000e-07
1.6200000000e-07
1.7343000000e-05
6.4247000000e-05
4.3200000000e-07
1.8200000000e-07
1.3974000000e-05
1.9400000000e-07
1.5200000000e-07
1.5400000000e-07
1.3887000000e-05
6.5898000000e-05
4.1200000000e-07
1.7000000000e-07
7.4040000000e-06
1.9900000000e-07
1.5300000000e-07
1.5000000000e-07
1.5243000000e-05
6.5269000000e-05
4.5200000000e-07
1.6800000000e-07
1.3892000000e-05
2.3300000000e-07
1.5600000000e-07
1.5000000000e-07
1.7042000000e-05
6.4396000000e-05
5.0400000000e-07
1.8600000000e-07
1.3974000000e-05
1.9000000000e-07
1.5000000000e-07
1.6000000000e-07
1.3914000000e-05
6.4456000000e-05
4.4400000000e-07
1.6000000000e-07
7.2790000000e-06
1.9000000000e-07
1.5000000000e-07
1.5600000000e-07
1.0476000000e-05
7.0694000000e-05
4.9500000000e-07
1.7600000000e-07
1.2154000000e-05
2.0100000000e-07
1.5200000000e-07
1.5300000000e-07
1.7395000000e-05
6.6978000000e-05
4.2900000000e-07
1.8100000000e-07
1.0597000000e-05
2.0300000000e-07
1.6600000000e-07
1.5300000000e-07
1.4058000000e-05
6.4385000000e-05
4.8400000000e-07
1.6600000000e-07
1.3982000000e-05
1.9100000000e-07
1.5400000000e-07
1.5100000000e-07
1.3886000000e-05
6.5473000000e-05
4.3700000000e-07
1.8600000000e-07
7.3570000000e-06
2.0200000000e-07
1.5000000000e-07
1.5200000000e-07
1.5234000000e-05
6.5630000000e-05
4.4500000000e-07
1.7000000000e-07
1.3957000000e-05
2.1500000000e-07
1.5500000000e-07
1.6200000000e-07
1.7189000000e-05
6.4441000000e-05
4.5100000000e-07
1.6800000000e-07
1.7457000000e-05
2.4600000000e-07
1.6200000000e-07
1.5700000000e-07
6.6150000000e-06
6.4000000000e-05
4.4300000000e-07
1.6800000000e-07
1.7818000000e-05
2.2400000000e-07
1.5800000000e-07
1.6900000000e-07
1.3116000000e-05
6.4050000000e-05
4.1600000000e-07
1.6400000000e-07
1.9382000000e-05
2.2800000000e-07
1.4900000000e-07
1.7400000000e-07
6.5240000000e-06
6.5781000000e-05
5.0000000000e-07
1.7600000000e-07
1.8218000000e-05
2.2400000000e-07
1.5300000000e-07
1.6200000000e-07
1.3101000000e-05
6.4929000000e-05
4.4700000000e-07
1.8400000000e-07
1.7958000000e-05
2.1700000000e-07
8.0777000000e-04
3.8400000000e-07
1.1787000000e-05
6.7600000000e-05
4.6600000000e-07
1.6100000000e-07
1.5563000000e-05
2.4000000000e-07
1.5300000000e-07
1.7200000000e-07
9.9690000000e-06
6.7114000000e-05
4.9600000000e-07
1.7000000000e-07
1.4726000000e-05
2.0900000000e-07
1.5000000000e-07
1.5600000000e-07
9.8650000000e-06
6.4421000000e-05
4.4700000000e-07
1.9100000000e-07
1.4439000000e-05
2.1300000000e-07
1.5200000000e-07
1.6400000000e-07
1.3087000000e-05
6.4314000000e-05
4.6900000000e-07
1.7800000000e-07
1.9364000000e-05
2.1500000000e-07
1.5000000000e-07
1.5300000000e-07
9.8620000000e-06
6.4222000000e-05
4.3200000000e-07
1.9700000000e-07
1.4699000000e-05
2.1800000000e-07
1.5400000000e-07
1.5900000000e-07
9.8490000000e-06
6.4208000000e-05
4.7300000000e-07
1.7600000000e-07
1.1023000000e-05
2.0300000000e-07
1.5400000000e-07
1.5800000000e-07
6.5620000000e-06
6.4236000000e-05
4.6700000000e-07
1.5800000000e-07
1.4826000000e-05
2.5000000000e-07
1.6800000000e-07
1.5600000000e-07
1.4649000000e-05
6.4638000000e-05
4.2800000000e-07
1.8400000000e-07
2.4199000000e-05
2.4600000000e-07
1.5100000000e-07
1.5200000000e-07
1.3148000000e-05
6.5331000000e-05
4.2200000000e-07
1.7400000000e-07
1.1068000000e-05
2.2200000000e-07
1.5300000000e-07
1.6000000000e-07
1.3144000000e-05
6.5693000000e-05
4.2200000000e-07
1.7000000000e-07
1.1107000000e-05
2.3400000000e-07
1.5600000000e-07
1.5500000000e-07
1.3177000000e-05
6.4649000000e-05
4.3600000000e-07
1.8200000000e-07
1.9288000000e-05
2.0900000000e-07
1.5000000000e-07
1.5400000000e-07
1.3084000000e-05
6.4767000000e-05
4.5100000000e-07
2.0100000000e-07
1.7861000000e-05
2.1000000000e-07
1.4900000000e-07
1.6800000000e-07
1.3152000000e-05
6.4365000000e-05
4.0400000000e-07
1.9000000000e-07
1.7677000000e-05
2.1400000000e-07
1.5100000000e-07
1.6200000000e-07
1.3175000000e-05
7.1444000000e-05
4.4700000000e-07
1.7400000000e-07
1.1299000000e-05
2.2600000000e-07
1.5100000000e-07
1.7600000000e-07
8.3480000000e-06
6.4837000000e-05
4.3900000000e-07
1.8200000000e-07
1.1161000000e-05
2.4000000000e-07
1.5700000000e-07
1.4900000000e-07
6.5720000000e-06
6.4046000000e-05
4.8100000000e-07
1.7500000000e-07
1.7956000000e-05
2.3100000000e-07
1.5200000000e-07
1.6000000000e-07
1.3119000000e-05
6.4482000000e-05
4.3700000000e-07
1.6400000000e-07
1.7697000000e-05
2.2100000000e-07
1.5000000000e-07
1.6600000000e-07
1.3133000000e-05
6.4798000000e-05
4.3900000000e-07
1.8800000000e-07
1.9347000000e-05
2.0600000000e-07
1.5100000000e-07
1.5400000000e-07
1.3105000000e-05
6.4913000000e-05
4.5100000000e-07
1.9000000000e-07
1.1382000000e-05
2.4800000000e-07
1.5200000000e-07
1.5600000000e-07
6.5060000000e-06
6.4114000000e-05
4.7500000000e-07
1.6200000000e-07
1.7722000000e-05
2.4600000000e-07
1.5400000000e-07
1.5300000000e-07
1.3142000000e-05
6.4676000000e-05
4.2500000000e-07
1.7200000000e-07
1.9513000000e-05
2.2100000000e-07
1.5400000000e-07
1.7200000000e-07
1.3150000000e-05
6.4847000000e-05
4.4500000000e-07
1.7000000000e-07
1.7720000000e-05
2.3800000000e-07
1.4600000000e-07
1.5400000000e-07
1.0130000000e-05
6.4812000000e-05
4.8600000000e-07
1.8100000000e-07
1.4625000000e-05
2.3200000000e-07
1.5600000000e-07
1.5100000000e-07
1.3400000000e-05
6.4765000000e-05
4.2900000000e-07
1.9100000000e-07
1.4401000000e-05
2.2100000000e-07
1.5600000000e-07
1.5200000000e-07
1.1307000000e-05
6.4421000000e-05
4.1000000000e-07
1.8000000000e-07
1.7776000000e-05
2.3400000000e-07
1.5700000000e-07
1.6800000000e-07
1.3179000000e-05
6.4618000000e-05
4.3800000000e-07
1.6100000000e-07
1.7913000000e-05
2.1800000000e-07
1.5200000000e-07
1.5200000000e-07
1.3013000000e-05
6.4767000000e-05
4.4700000000e-07
1.7600000000e-07
1.7704000000e-05
2.0400000000e-07
1.5000000000e-07
1.5000000000e-07
1.3222000000e-05
6.5226000000e-05
4.3400000000e-07
1.7900000000e-07
1.9317000000e-05
2.2800000000e-07
1.5200000000e-07
1.5000000000e-07
9.8180000000e-06
6.4654000000e-05
4.5700000000e-07
1.7400000000e-07
1.1113000000e-05
2.1300000000e-07
1.5400000000e-07
1.5600000000e-07
9.7030000000e-06
6.4349000000e-05
4.2800000000e-07
1.7500000000e-07
1.4482000000e-05
2.1800000000e-07
1.4800000000e-07
1.5400000000e-07
6.8530000000e-06
6.4650000000e-05
4.2000000000e-07
1.9500000000e-07
1.4508000000e-05
2.3300000000e-07
1.6000000000e-07
1.5000000000e-07
1.7980000000e-05
6.4661000000e-05
4.5400000000e-07
1.7400000000e-07
1.3886000000e-05
2.0900000000e-07
1.5800000000e-07
1.5300000000e-07
1.0533000000e-05
6.6031000000e-05
4.1000000000e-07
1.8500000000e-07
1.3909000000e-05
1.9300000000e-07
1.6400000000e-07
1.7400000000e-07
1.7150000000e-05
6.4591000000e-05
4.9000000000e-07
1.6400000000e-07
1.3865000000e-05
1.9800000000e-07
1.5200000000e-07
1.5600000000e-07
1.7140000000e-05
6.4909000000e-05
4.2600000000e-07
1.9600000000e-07
1.5407000000e-05
2.1500000000e-07
1.6400000000e-07
1.7000000000e-07
1.0377000000e-05
6.4863000000e-05
4.4300000000e-07
1.7400000000e-07
1.3820000000e-05
1.9700000000e-07
1.5200000000e-07
1.5200000000e-07
1.6979000000e-05
6.4671000000e-05
4.3400000000e-07
1.8100000000e-07
1.3917000000e-05
2.0900000000e-07
1.5000000000e-07
1.6600000000e-07
1.7070000000e-05
6.5138000000e-05
4.4900000000e-07
1.6800000000e-07
1.4128000000e-05
2.0300000000e-07
1.4600000000e-07
1.5400000000e-07
1.8851000000e-05
6.4263000000e-05
4.3200000000e-07
1.8000000000e-07
1.3778000000e-05
1.9500000000e-07
1.5300000000e-07
1.7800000000e-07
1.0691000000e-05
6.4906000000e-05
4.1000000000e-07
2.0700000000e-07
7.2450000000e-06
1.9900000000e-07
1.5800000000e-07
1.5300000000e-07
1.6993000000e-05
6.4349000000e-05
4.4500000000e-07
1.7200000000e-07
1.3796000000e-05
2.0500000000e-07
1.5200000000e-07
1.5100000000e-07
1.6938000000e-05
6.5117000000e-05
4.2400000000e-07
1.7900000000e-07
1.5607000000e-05
2.3200000000e-07
1.5800000000e-07
1.5300000000e-07
1.0542000000e-05
6.4999000000e-05
4.1200000000e-07
1.9200000000e-07
1.3831000000e-05
2.0300000000e-07
1.5200000000e-07
1.5300000000e-07
1.6700000000e-05
6.4353000000e-05
4.5100000000e-07
1.7600000000e-07
1.3857000000e-05
2.0900000000e-07
1.5400000000e-07
1.5800000000e-07
1.7136000000e-05
6.5607000000e-05
4.2700000000e-07
1.7400000000e-07
1.5299000000e-05
2.0900000000e-07
1.6400000000e-07
1.5600000000e-07
1.7242000000e-05
6.4629000000e-05
4.3900000000e-07
1.6000000000e-07
1.4154000000e-05
1.9900000000e-07
1.5400000000e-07
1.5500000000e-07
1.3831000000e-05
6.5034000000e-05
4.5300000000e-07
1.5600000000e-07
7.5500000000e-06
2.4200000000e-07
1.6000000000e-07
1.5300000000e-07
1.0390000000e-05
6.4596000000e-05
4.3700000000e-07
1.7800000000e-07
1.0689000000e-05
1.8900000000e-07
1.6400000000e-07
1.5400000000e-07
1.8562000000e-05
6.4593000000e-05
4.4900000000e-07
1.6700000000e-07
1.0553000000e-05
2.0300000000e-07
1.7000000000e-07
1.6700000000e-07
1.3830000000e-05
6.4265000000e-05
4.3200000000e-07
1.9700000000e-07
1.3845000000e-05
2.6700000000e-07
1.5300000000e-07
1.6200000000e-07
1.7161000000e-05
6.4081000000e-05
4.2000000000e-07
2.0200000000e-07
1.0624000000e-05
2.0900000000e-07
1.5000000000e-07
1.5500000000e-07
1.3743000000e-05
6.4466000000e-05
4.2600000000e-07
1.9300000000e-07
1.5425000000e-05
2.0100000000e-07
1.5400000000e-07
1.6100000000e-07
1.7012000000e-05
6.4826000000e-05
4.2200000000e-07
1.7000000000e-07
1.0648000000e-05
1.9000000000e-07
1.5200000000e-07
1.5000000000e-07
1.3861000000e-05
6.4700000000e-05
4.6100000000e-07
1.5600000000e-07
1.4250000000e-05
1.9600000000e-07
1.7500000000e-07
1.5400000000e-07
1.3816000000e-05
6.4400000000e-05
4.1900000000e-07
1.9200000000e-07
9.8470000000e-06
2.0900000000e-07
1.5000000000e-07
1.5000000000e-07
2.1576000000e-05
6.4328000000e-05
4.4300000000e-07
1.7600000000e-07
1.3749000000e-05
1.9400000000e-07
1.5200000000e-07
1.5200000000e-07
1.7130000000e-05
6.4218000000e-05
4.1600000000e-07
1.8500000000e-07
1.3945000000e-05
1.9100000000e-07
1.5700000000e-07
1.7000000000e-07
1.6949000000e-05
6.4415000000e-05
4.5300000000e-07
1.6300000000e-07
1.3777000000e-05
2.1300000000e-07
1.5200000000e-07
1.4700000000e-07
1.7131000000e-05
6.4045000000e-05
4.2000000000e-07
1.6000000000e-07
1.5456000000e-05
1.9900000000e-07
1.6100000000e-07
1.6700000000e-07
1.7129000000e-05
6.4045000000e-05
4.2000000000e-07
1.7900000000e-07
7.3690000000e-06
2.2400000000e-07
1.6600000000e-07
1.5000000000e-07
1.0441000000e-05
6.4122000000e-05
4.1400000000e-07
1.7400000000e-07
1.3904000000e-05
1.9800000000e-07
1.5200000000e-07
1.6800000000e-07
1.7378000000e-05
6.4255000000e-05
4.3200000000e-07
1.6400000000e-07
1.3941000000e-05
2.4200000000e-07
1.8100000000e-07
1.5700000000e-07
1.2645000000e-05
6.4916000000e-05
4.4100000000e-07
1.9000000000e-07
1.3845000000e-05
1.9200000000e-07
1.5000000000e-07
1.5100000000e-07
1.0427000000e-05
6.5087000000e-05
4.3600000000e-07
1.6200000000e-07
1.3796000000e-05
2.0300000000e-07
8.2636500000e-04
3.7300000000e-07
1.7265000000e-05
6.6462000000e-05
4.9600000000e-07
1.6000000000e-07
2.4062000000e-05
2.2100000000e-07
1.6000000000e-07
1.5600000000e-07
1.7291000000e-05
7.5769000000e-05
4.6700000000e-07
1.6600000000e-07
1.0626000000e-05
2.0700000000e-07
1.4600000000e-07
1.5100000000e-07
1.0593000000e-05
6.4662000000e-05
4.2600000000e-07
1.6600000000e-07
1.0640000000e-05
2.0300000000e-07
1.4900000000e-07
1.6000000000e-07
2.3253000000e-05
6.3763000000e-05
4.2600000000e-07
1.7500000000e-07
1.3939000000e-05
2.2300000000e-07
1.5400000000e-07
1.5400000000e-07
1.8869000000e-05
6.4477000000e-05
4.1500000000e-07
1.7900000000e-07
1.4277000000e-05
2.0700000000e-07
1.5400000000e-07
1.6200000000e-07
1.6990000000e-05
6.4756000000e-05
4.6700000000e-07
1.6000000000e-07
1.3804000000e-05
2.2200000000e-07
1.5300000000e-07
1.5000000000e-07
1.7058000000e-05
6.4414000000e-05
4.3400000000e-07
2.0100000000e-07
1.3923000000e-05
1.9300000000e-07
1.5300000000e-07
1.5000000000e-07
1.6960000000e-05
6.5251000000e-05
4.2600000000e-07
1.9200000000e-07
9.2280000000e-06
2.1100000000e-07
1.5100000000e-07
1.5800000000e-07
1.0562000000e-05
6.4417000000e-05
4.2200000000e-07
1.8000000000e-07
7.3530000000e-06
1.9100000000e-07
1.5300000000e-07
1.6700000000e-07
1.7134000000e-05
6.4736000000e-05
4.7100000000e-07
1.8000000000e-07
1.3871000000e-05
2.0500000000e-07
1.5200000000e-07
1.6000000000e-07
1.0568000000e-05
6.4724000000e-05
4.4400000000e-07
1.7000000000e-07
1.4023000000e-05
2.1100000000e-07
1.6800000000e-07
1.6400000000e-07
1.8515000000e-05
6.4093000000e-05
4.2400000000e-07
1.7000000000e-07
1.3861000000e-05
2.1500000000e-07
1.5900000000e-07
1.5600000000e-07
1.7441000000e-05
6.4435000000e-05
4.3400000000e-07
1.7500000000e-07
7.8240000000e-06
1.9100000000e-07
1.5400000000e-07
1.5200000000e-07
1.7193000000e-05
6.4523000000e-05
4.1800000000e-07
1.6200000000e-07
1.4035000000e-05
2.1700000000e-07
1.6600000000e-07
1.5400000000e-07
1.0570000000e-05
7.0427000000e-05
4.5300000000e-07
1.8200000000e-07
1.8980000000e-05
2.5400000000e-07
1.4900000000e-07
1.5200000000e-07
1.0005000000e-05
7.2546000000e-05
4.5300000000e-07
1.7400000000e-07
1.1193000000e-05
2.0700000000e-07
1.5600000000e-07
1.6000000000e-07
6.5410000000e-06
6.6122000000e-05
4.6300000000e-07
1.6000000000e-07
1.4537000000e-05
2.2800000000e-07
1.6800000000e-07
1.7800000000e-07
1.3150000000e-05
6.4648000000e-05
4.3200000000e-07
1.7500000000e-07
1.9540000000e-05
2.4400000000e-07
1.5100000000e-07
1.5600000000e-07
1.3144000000e-05
6.4652000000e-05
4.3700000000e-07
1.8000000000e-07
1.7952000000e-05
2.0700000000e-07
1.5000000000e-07
1.5400000000e-07
9.8220000000e-06
6.4154000000e-05
4.2800000000e-07
1.7400000000e-07
1.4482000000e-05
2.1500000000e-07
1.5200000000e-07
1.5400000000e-07
1.3578000000e-05
6.3781000000e-05
4.1800000000e-07
1.7400000000e-07
1.7665000000e-05
2.3200000000e-07
1.6400000000e-07
1.6900000000e-07
1.4676000000e-05
6.4533000000e-05
4.3400000000e-07
1.5600000000e-07
1.7726000000e-05
2.3400000000e-07
1.5400000000e-07
1.6300000000e-07
1.3312000000e-05
6.4656000000e-05
4.5700000000e-07
1.8100000000e-07
1.4330000000e-05
2.2400000000e-07
1.5500000000e-07
1.5500000000e-07
6.5760000000e-06
6.3795000000e-05
4.3500000000e-07
1.6200000000e-07
1.4544000000e-05
2.2500000000e-07
1.4600000000e-07
1.5400000000e-07
1.3181000000e-05
6.3800000000e-05
4.4300000000e-07
1.9300000000e-07
1.6092000000e-05
2.1900000000e-07
1.5400000000e-07
1.5300000000e-07
9.8410000000e-06
6.4735000000e-05
4.3500000000e-07
1.6400000000e-07
1.7765000000e-05
2.2600000000e-07
1.5900000000e-07
1.5200000000e-07
1.3087000000e-05
6.3812000000e-05
4.4900000000e-07
1.6100000000e-07
2.4076000000e-05
2.5400000000e-07
1.7000000000e-07
1.5600000000e-07
1.3150000000e-05
6.3507000000e-05
4.6500000000e-07
1.7000000000e-07
1.7746000000e-05
2.2900000000e-07
1.6600000000e-07
1.5000000000e-07
1.4986000000e-05
6.3861000000e-05
4.2300000000e-07
1.7700000000e-07
1.7773000000e-05
2.3500000000e-07
1.5600000000e-07
1.7200000000e-07
1.3041000000e-05
6.3832000000e-05
4.4300000000e-07
1.6000000000e-07
1.7906000000e-05
2.2100000000e-07
1.5200000000e-07
1.5700000000e-07
1.3231000000e-05
6.4531000000e-05
4.4000000000e-07
1.5900000000e-07
1.1075000000e-05
2.3100000000e-07
1.5400000000e-07
1.5200000000e-07
6.5510000000e-06
6.4296000000e-05
4.3400000000e-07
1.8000000000e-07
1.9274000000e-05
2.1500000000e-07
1.7000000000e-07
1.5000000000e-07
1.3044000000e-05
6.4804000000e-05
4.6400000000e-07
2.0500000000e-07
1.7904000000e-05
2.3200000000e-07
1.5800000000e-07
1.5200000000e-07
1.3114000000e-05
6.4208000000e-05
4.4400000000e-07
1.7900000000e-07
1.1135000000e-05
2.3300000000e-07
1.4800000000e-07
1.5000000000e-07
6.4430000000e-06
6.4095000000e-05
4.7400000000e-07
1.8000000000e-07
1.7829000000e-05
2.2100000000e-07
1.5200000000e-07
1.5800000000e-07
1.4632000000e-05
6.3927000000e-05
4.7500000000e-07
1.8200000000e-07
1.7688000000e-05
2.2900000000e-07
1.5300000000e-07
1.5800000000e-07
6.8710000000e-06
6.3983000000e-05
4.2400000000e-07
1.8000000000e-07
1.7796000000e-05
2.5200000000e-07
1.4800000000e-07
1.5800000000e-07
1.2982000000e-05
6.3556000000e-05
4.3400000000e-07
1.6200000000e-07
1.7732000000e-05
2.1900000000e-07
1.5200000000e-07
1.5500000000e-07
1.3143000000e-05
6.3990000000e-05
4.4300000000e-07
1.6100000000e-07
2.5489000000e-05
2.3100000000e-07
1.5400000000e-07
1.5100000000e-07
9.7430000000e-06
6.4267000000e-05
3.9500000000e-07
1.7400000000e-07
1.4689000000e-05
2.3300000000e-07
1.5400000000e-07
1.5200000000e-07
1.3156000000e-05
6.4388000000e-05
4.4900000000e-07
1.7400000000e-07
1.7806000000e-05
2.4000000000e-07
1.6400000000e-07
1.4800000000e-07
1.2961000000e-05
6.3521000000e-05
4.3600000000e-07
1.6000000000e-07
1.9263000000e-05
2.3600000000e-07
1.6400000000e-07
1.5200000000e-07
9.8880000000e-06
6.3919000000e-05
4.2300000000e-07
1.8200000000e-07
1.1093000000e-05
2.1700000000e-07
1.5500000000e-07
1.6000000000e-07
6.6660000000e-06
6.3994000000e-05
4.5900000000e-07
1.8200000000e-07
1.4878000000e-05
2.5200000000e-07
1.5600000000e-07
1.5000000000e-07
9.8320000000e-06
6.4165000000e-05
4.3600000000e-07
1.7600000000e-07
1.4425000000e-05
2.2700000000e-07
1.6400000000e-07
1.5200000000e-07
1.4705000000e-05
6.3957000000e-05
4.3000000000e-07
1.6400000000e-07
1.4718000000e-05
2.5600000000e-07
1.4900000000e-07
1.5200000000e-07
9.8260000000e-06
6.3886000000e-05
4.7100000000e-07
1.7800000000e-07
1.7759000000e-05
1.9300000000e-07
1.5000000000e-07
1.4800000000e-07
1.3230000000e-05
6.3549000000e-05
4.2100000000e-07
2.0100000000e-07
1.7726000000e-05
2.2300000000e-07
1.5800000000e-07
1.5300000000e-07
1.3197000000e-05
6.3771000000e-05
4.6700000000e-07
1.7800000000e-07
1.6076000000e-05
2.3300000000e-07
1.5200000000e-07
1.5800000000e-07
9.9630000000e-06
6.4273000000e-05
4.4700000000e-07
1.6600000000e-07
1.7636000000e-05
2.0000000000e-07
1.5400000000e-07
1.5400000000e-07
2.2947000000e-05
6.3974000000e-05
4.2200000000e-07
1.7700000000e-07
7.5780000000e-06
2.2500000000e-07
1.5200000000e-07
1.5200000000e-07
1.7238000000e-05
7.6294000000e-05
4.3000000000e-07
1.8200000000e-07
7.7190000000e-06
2.2800000000e-07
1.5300000000e-07
1.5600000000e-07
1.8542000000e-05
6.4486000000e-05
4.5100000000e-07
2.0100000000e-07
1.3839000000e-05
2.0300000000e-07
1.5800000000e-07
1.6800000000e-07
1.7356000000e-05
6.4498000000e-05
4.5300000000e-07
1.6600000000e-07
1.3779000000e-05
1.9500000000e-07
1.5600000000e-07
1.5300000000e-07
1.7095000000e-05
6.4189000000e-05
4.2200000000e-07
1.7800000000e-07
7.3020000000e-06
2.1100000000e-07
1.5600000000e-07
1.5400000000e-07
1.7093000000e-05
6.3773000000e-05
4.4200000000e-07
1.9100000000e-07
8.8220000000e-06
1.9700000000e-07
1.5200000000e-07
1.5300000000e-07
1.7142000000e-05
6.3898000000e-05
4.3000000000e-07
1.7800000000e-07
1.3876000000e-05
2.1900000000e-07
1.6100000000e-07
1.5600000000e-07
1.7144000000e-05
6.4718000000e-05
4.9400000000e-07
1.8000000000e-07
1.3837000000e-05
1.9100000000e-07
1.4900000000e-07
1.6100000000e-07
1.6886000000e-05
6.5320000000e-05
4.5300000000e-07
2.0100000000e-07
7.3670000000e-06
2.0900000000e-07
1.5100000000e-07
1.5400000000e-07
1.2058000000e-05
6.4397000000e-05
4.3400000000e-07
1.7600000000e-07
1.4263000000e-05
2.1500000000e-07
1.5200000000e-07
1.4800000000e-07
1.7152000000e-05
6.4060000000e-05
4.4100000000e-07
1.6400000000e-07
1.3888000000e-05
1.9900000000e-07
1.7800000000e-07
1.5400000000e-07
1.7197000000e-05
6.4702000000e-05
4.3800000000e-07
1.7200000000e-07
1.3960000000e-05
2.2000000000e-07
1.5100000000e-07
1.4800000000e-07
1.8441000000e-05
6.4082000000e-05
4.2600000000e-07
1.7500000000e-07
1.0650000000e-05
2.3000000000e-07
1.5300000000e-07
1.5200000000e-07
1.3707000000e-05
6.3894000000e-05
4.3800000000e-07
1.7200000000e-07
1.3895000000e-05
2.1700000000e-07
8.1045200000e-04
3.7900000000e-07
1.0678000000e-05
6.6116000000e-05
4.6100000000e-07
1.7400000000e-07
1.4002000000e-05
2.1300000000e-07
1.4800000000e-07
1.8000000000e-07
1.8732000000e-05
6.4828000000e-05
4.4300000000e-07
1.8000000000e-07
1.3999000000e-05
1.9900000000e-07
1.5100000000e-07
1.5200000000e-07
1.0502000000e-05
6.4709000000e-05
4.4300000000e-07
1.7600000000e-07
7.7750000000e-06
2.1500000000e-07
1.4700000000e-07
1.5200000000e-07
1.7119000000e-05
6.4691000000e-05
4.7400000000e-07
1.8400000000e-07
1.3980000000e-05
2.1900000000e-07
1.5200000000e-07
1.5400000000e-07
1.7075000000e-05
6.4630000000e-05
4.8900000000e-07
1.8300000000e-07
1.5552000000e-05
2.1500000000e-07
1.5200000000e-07
1.4800000000e-07
1.7288000000e-05
6.4872000000e-05
4.5300000000e-07
1.6200000000e-07
7.3010000000e-06
2.0100000000e-07
1.5300000000e-07
1.6200000000e-07
1.7083000000e-05
6.4525000000e-05
4.3500000000e-07
1.6800000000e-07
7.3750000000e-06
1.9300000000e-07
1.5400000000e-07
1.5100000000e-07
1.7085000000e-05
6.5056000000e-05
4.2100000000e-07
1.6400000000e-07
1.4020000000e-05
2.1300000000e-07
1.5100000000e-07
1.5200000000e-07
1.2093000000e-05
6.5028000000e-05
4.4100000000e-07
1.7600000000e-07
1.3886000000e-05
1.9300000000e-07
1.5600000000e-07
1.5300000000e-07
1.7048000000e-05
6.3978000000e-05
4.1500000000e-07
1.6200000000e-07
1.3879000000e-05
2.0700000000e-07
1.5200000000e-07
1.6400000000e-07
1.6904000000e-05
6.4517000000e-05
4.2700000000e-07
1.7800000000e-07
1.4329000000e-05
2.2500000000e-07
1.5600000000e-07
1.5000000000e-07
1.8896000000e-05
6.4396000000e-05
4.2300000000e-07
1.7700000000e-07
1.3970000000e-05
2.0300000000e-07
1.6400000000e-07
1.5500000000e-07
1.7132000000e-05
6.4760000000e-05
4.3200000000e-07
1.6200000000e-07
1.4187000000e-05
1.9900000000e-07
1.5400000000e-07
1.6400000000e-07
1.7038000000e-05
6.4160000000e-05
4.6500000000e-07
1.7200000000e-07
1.3950000000e-05
2.1100000000e-07
1.5200000000e-07
1.5600000000e-07
1.7125000000e-05
6.4840000000e-05
4.5100000000e-07
2.0000000000e-07
1.5652000000e-05
2.1500000000e-07
1.6600000000e-07
1.5000000000e-07
1.7197000000e-05
6.4449000000e-05
4.3800000000e-07
1.8300000000e-07
1.4117000000e-05
2.1500000000e-07
1.6400000000e-07
1.5600000000e-07
1.7083000000e-05
6.4784000000e-05
4.2300000000e-07
1.9300000000e-07
1.4124000000e-05
2.0300000000e-07
1.5200000000e-07
1.6100000000e-07
1.3796000000e-05
6.4169000000e-05
4.2800000000e-07
1.6000000000e-07
1.0576000000e-05
1.9100000000e-07
1.7800000000e-07
1.5600000000e-07
1.5398000000e-05
6.4843000000e-05
4.4700000000e-07
1.8000000000e-07
1.0972000000e-05
2.3500000000e-07
1.5300000000e-07
1.5400000000e-07
1.7060000000e-05
6.4809000000e-05
3.9400000000e-07
1.8200000000e-07
1.4038000000e-05
1.9700000000e-07
1.6600000000e-07
1.4900000000e-07
1.7124000000e-05
6.4661000000e-05
4.0900000000e-07
1.6600000000e-07
1.4085000000e-05
2.0300000000e-07
1.6200000000e-07
1.5200000000e-07
1.3795000000e-05
6.4418000000e-05
4.0800000000e-07
1.7000000000e-07
2.2247000000e-05
2.3400000000e-07
1.4900000000e-07
1.5300000000e-07
6.6240000000e-06
6.5509000000e-05
4.2700000000e-07
1.9200000000e-07
1.1165000000e-05
2.2500000000e-07
1.5400000000e-07
1.4800000000e-07
6.7310000000e-06
6.5370000000e-05
4.7800000000e-07
1.6600000000e-07
1.7762000000e-05
2.1300000000e-07
1.5000000000e-07
1.6200000000e-07
1.3099000000e-05
6.4304000000e-05
4.3500000000e-07
1.7000000000e-07
1.1302000000e-05
2.2800000000e-07
1.5200000000e-07
1.8900000000e-07
1.4734000000e-05
6.5810000000e-05
4.3200000000e-07
1.7400000000e-07
1.7755000000e-05
2.3300000000e-07
1.5200000000e-07
1.5300000000e-07
1.3396000000e-05
6.4394000000e-05
4.1300000000e-07
1.7600000000e-07
1.7882000000e-05
2.2500000000e-07
1.5300000000e-07
1.4800000000e-07
6.5270000000e-06
6.4595000000e-05
4.1800000000e-07
1.8800000000e-07
1.1173000000e-05
2.2400000000e-07
1.5700000000e-07
1.5200000000e-07
6.4100000000e-06
6.4321000000e-05
4.2300000000e-07
2.0900000000e-07
1.9550000000e-05
2.2100000000e-07
1.5200000000e-07
1.5800000000e-07
6.6620000000e-06
6.4669000000e-05
4.3000000000e-07
1.8400000000e-07
1.7809000000e-05
2.3300000000e-07
1.5400000000e-07
1.6400000000e-07
1.3113000000e-05
6.4974000000e-05
4.0800000000e-07
1.7000000000e-07
1.7737000000e-05
2.2100000000e-07
1.5200000000e-07
1.4900000000e-07
1.3154000000e-05
6.4158000000e-05
4.3400000000e-07
1.7800000000e-07
1.7722000000e-05
2.2800000000e-07
1.6100000000e-07
1.5300000000e-07
1.4708000000e-05
6.4575000000e-05
4.3100000000e-07
1.7800000000e-07
1.7726000000e-05
2.3100000000e-07
1.5600000000e-07
1.6200000000e-07
1.3025000000e-05
7.2358000000e-05
4.7100000000e-07
1.7800000000e-07
2.4266000000e-05
2.4400000000e-07
1.5600000000e-07
1.5100000000e-07
1.3489000000e-05
7.2550000000e-05
4.4300000000e-07
1.7200000000e-07
1.8101000000e-05
2.2600000000e-07
1.4900000000e-07
1.5200000000e-07
1.4706000000e-05
6.4849000000e-05
4.4400000000e-07
2.0100000000e-07
1.7829000000e-05
2.2700000000e-07
1.5000000000e-07
1.4800000000e-07
1.3430000000e-05
6.4300000000e-05
4.5100000000e-07
1.9700000000e-07
1.7939000000e-05
2.1800000000e-07
1.5100000000e-07
1.6600000000e-07
9.8800000000e-06
6.4335000000e-05
4.4200000000e-07
1.6200000000e-07
1.4509000000e-05
2.4400000000e-07
1.5000000000e-07
1.5300000000e-07
1.3114000000e-05
6.4414000000e-05
4.7400000000e-07
1.7600000000e-07
1.9489000000e-05
2.5200000000e-07
1.5400000000e-07
1.5300000000e-07
1.3151000000e-05
6.4267000000e-05
4.5100000000e-07
1.9200000000e-07
1.4522000000e-05
2.3300000000e-07
1.5300000000e-07
1.5200000000e-07
6.5760000000e-06
6.3890000000e-05
4.4900000000e-07
1.9400000000e-07
1.4751000000e-05
2.1800000000e-07
1.6400000000e-07
1.6100000000e-07
1.3127000000e-05
6.4239000000e-05
4.5300000000e-07
1.6200000000e-07
1.7835000000e-05
2.2900000000e-07
1.5400000000e-07
1.5600000000e-07
1.4956000000e-05
6.4572000000e-05
4.3000000000e-07
1.7600000000e-07
1.4534000000e-05
2.2300000000e-07
1.4800000000e-07
1.4600000000e-07
9.8160000000e-06
6.4451000000e-05
4.5100000000e-07
1.8200000000e-07
1.4759000000e-05
2.2300000000e-07
1.4800000000e-07
1.5400000000e-07
9.8690000000e-06
6.4312000000e-05
4.5700000000e-07
1.7200000000e-07
1.7812000000e-05
2.3400000000e-07
1.4600000000e-07
1.5500000000e-07
1.2984000000e-05
6.4674000000e-05
4.4100000000e-07
1.6400000000e-07
2.5688000000e-05
2.3400000000e-07
1.6000000000e-07
1.5800000000e-07
1.3242000000e-05
6.4706000000e-05
4.3800000000e-07
1.7600000000e-07
1.7845000000e-05
2.4600000000e-07
1.5300000000e-07
1.5100000000e-07
1.3185000000e-05
6.8243000000e-05
4.3600000000e-07
1.7400000000e-07
1.7769000000e-05
2.2000000000e-07
1.5700000000e-07
1.5600000000e-07
1.3310000000e-05
6.4396000000e-05
4.7100000000e-07
1.6000000000e-07
1.7788000000e-05
2.2300000000e-07
1.5500000000e-07
1.6800000000e-07
1.4603000000e-05
6.4929000000e-05
4.5700000000e-07
1.7200000000e-07
1.7986000000e-05
2.2400000000e-07
1.5300000000e-07
1.6100000000e-07
1.3157000000e-05
6.3859000000e-05
4.2200000000e-07
1.8500000000e-07
1.1285000000e-05
2.2200000000e-07
1.5600000000e-07
1.5500000000e-07
1.3132000000e-05
6.4198000000e-05
4.4700000000e-07
1.7800000000e-07
1.7739000000e-05
2.1700000000e-07
1.5100000000e-07
1.7400000000e-07
6.6970000000e-06
6.4161000000e-05
4.4700000000e-07
1.8000000000e-07
1.9429000000e-05
2.2800000000e-07
1.5400000000e-07
1.6300000000e-07
6.5230000000e-06
6.5364000000e-05
4.3800000000e-07
1.6400000000e-07
1.7565000000e-05
2.2900000000e-07
1.5200000000e-07
1.5800000000e-07
1.3146000000e-05
6.5477000000e-05
4.5900000000e-07
1.7500000000e-07
1.7800000000e-05
2.1300000000e-07
1.5200000000e-07
1.7000000000e-07
1.3129000000e-05
6.4582000000e-05
4.5500000000e-07
1.5600000000e-07
1.7794000000e-05
2.0300000000e-07
1.5300000000e-07
1.5300000000e-07
1.4681000000e-05
6.4271000000e-05
4.2800000000e-07
1.6200000000e-07
1.7870000000e-05
2.3200000000e-07
1.5300000000e-07
1.5800000000e-07
2.2698000000e-05
6.4704000000e-05
4.5100000000e-07
1.5800000000e-07
1.4364000000e-05
2.0700000000e-07
1.5300000000e-07
1.7000000000e-07
1.7213000000e-05
6.4283000000e-05
4.1600000000e-07
1.9300000000e-07
1.4045000000e-05
2.1100000000e-07
1.5300000000e-07
1.5000000000e-07
1.8663000000e-05
6.4554000000e-05
3.9300000000e-07
1.7100000000e-07
1.4193000000e-05
2.0100000000e-07
1.5400000000e-07
1.6400000000e-07
1.3828000000e-05
6.4322000000e-05
4.3400000000e-07
1.6200000000e-07
1.0656000000e-05
1.9500000000e-07
1.7000000000e-07
1.6400000000e-07
1.7071000000e-05
6.5029000000e-05
4.1000000000e-07
1.8000000000e-07
1.4019000000e-05
2.1800000000e-07
1.5300000000e-07
1.5200000000e-07
1.3789000000e-05
6.4259000000e-05
4.1100000001e-07
1.8200000000e-07
1.2228000000e-05
2.0300000000e-07
1.5200000000e-07
1.5300000000e-07
1.3812000000e-05
6.5156000000e-05
4.3800000000e-07
1.9100000000e-07
1.0500000000e-05
2.1800000000e-07
8.2376300000e-04
3.6200000000e-07
1.7110000000e-05
6.5558000000e-05
4.4700000000e-07
1.6200000000e-07
1.5275000000e-05
2.0700000000e-07
1.5200000000e-07
1.5400000000e-07
1.7353000000e-05
6.4942000000e-05
4.5500000000e-07
1.7700000000e-07
1.5545000000e-05
2.1700000000e-07
1.5500000000e-07
1.6100000000e-07
1.7083000000e-05
6.4557000000e-05
4.3300000000e-07
1.8000000000e-07
1.3874000000e-05
2.1100000000e-07
1.5100000000e-07
1.5100000000e-07
1.0542000000e-05
6.4533000000e-05
4.3900000000e-07
1.5800000000e-07
7.4940000000e-06
2.0300000000e-07
1.5600000000e-07
1.4500000000e-07
1.7013000000e-05
6.4327000000e-05
4.2600000000e-07
1.8000000000e-07
1.3929000000e-05
1.9800000000e-07
1.5400000000e-07
1.5400000000e-07
2.4987000000e-05
6.4408000000e-05
4.4100000000e-07
1.6200000000e-07
1.4028000000e-05
2.1700000000e-07
1.4800000000e-07
1.5400000000e-07
1.7164000000e-05
6.3937000000e-05
4.2200000000e-07
1.9500000000e-07
1.0754000000e-05
2.2100000000e-07
1.6200000000e-07
1.5300000000e-07
1.0493000000e-05
6.4824000000e-05
4.2800000000e-07
1.9100000000e-07
7.4820000000e-06
2.0300000000e-07
1.5000000000e-07
1.5100000000e-07
1.5310000000e-05
6.4564000000e-05
4.3000000000e-07
1.7200000000e-07
1.0634000000e-05
2.0700000000e-07
1.5000000000e-07
1.7200000000e-07
1.0760000000e-05
6.4252000000e-05
4.4100000000e-07
1.5800000000e-07
7.4260000000e-06
2.2199999999e-07
1.6800000000e-07
1.6600000000e-07
1.3851000000e-05
6.3845000000e-05
4.4600000000e-07
1.8099999999e-07
1.0818000000e-05
2.0500000000e-07
1.5200000000e-07
1.6600000000e-07
1.0594000000e-05
6.4617000000e-05
4.3600000000e-07
1.7500000000e-07
9.1420000000e-06
2.0700000000e-07
1.5100000000e-07
1.6400000000e-07
1.3706000000e-05
6.4072000000e-05
3.9800000000e-07
1.8000000000e-07
1.3968000000e-05
1.9300000000e-07
1.6200000000e-07
1.5800000000e-07
1.3847000000e-05
6.4898000000e-05
5.0000000000e-07
1.5900000000e-07
7.5450000000e-06
2.1700000000e-07
1.4800000000e-07
1.5600000000e-07
1.3795000000e-05
6.4453000000e-05
4.3300000000e-07
1.6200000000e-07
1.4022000000e-05
1.9000000000e-07
1.5200000000e-07
1.5200000000e-07
1.8628000000e-05
6.3929000000e-05
4.4600000000e-07
1.7800000000e-07
1.4113000000e-05
2.1800000000e-07
1.5700000000e-07
1.5400000000e-07
1.7175000000e-05
6.4171000000e-05
4.2200000000e-07
1.6999999999e-07
1.3945000000e-05
1.9600000000e-07
1.5400000000e-07
1.5400000000e-07
2.3573000000e-05
6.4332000000e-05
4.1300000000e-07
1.9000000000e-07
1.4007000000e-05
2.0300000000e-07
1.4900000000e-07
1.5200000000e-07
1.7081000000e-05
6.4739000000e-05
4.1000000000e-07
1.9500000000e-07
1.5744000000e-05
2.0100000000e-07
1.6100000000e-07
1.5000000000e-07
1.2492000000e-05
6.4566000000e-05
4.2000000000e-07
1.7600000000e-07
7.3650000000e-06
2.0800000000e-07
1.5400000000e-07
1.5400000000e-07
1.7046000000e-05
6.4011000000e-05
4.3300000000e-07
1.6200000000e-07
1.3843000000e-05
1.9400000000e-07
1.5500000000e-07
1.7200000000e-07
1.7145000000e-05
6.4068000000e-05
4.3600000000e-07
1.6000000000e-07
1.3831000000e-05
1.8700000000e-07
1.5300000000e-07
1.5200000000e-07
1.8650000000e-05
6.4923000000e-05
4.5200000000e-07
1.8700000000e-07
7.3900000000e-06
2.1100000000e-07
1.6600000000e-07
1.5500000000e-07
1.6987000000e-05
6.4876000000e-05
4.5000000000e-07
1.7500000000e-07
1.3861000000e-05
2.3800000000e-07
1.6800000000e-07
1.5400000000e-07
1.0465000000e-05
6.4490000000e-05
4.4300000000e-07
2.0500000000e-07
1.4232000000e-05
2.0500000000e-07
1.5000000000e-07
1.5300000000e-07
1.7120000000e-05
6.4335000000e-05
4.6500000000e-07
1.6000000000e-07
8.9430000000e-06
1.9700000000e-07
1.7200000000e-07
1.5200000000e-07
1.7007000000e-05
6.4050000000e-05
4.0500000000e-07
1.7500000000e-07
1.3857000000e-05
2.3200000000e-07
1.6800000000e-07
1.6200000000e-07
1.6857000000e-05
6.4386000000e-05
4.4300000000e-07
1.7500000001e-07
1.3987000000e-05
2.1100000000e-07
1.6200000000e-07
1.5000000000e-07
1.0523000000e-05
6.4777000000e-05
4.2000000000e-07
1.7000000000e-07
2.5611000000e-05
2.3300000000e-07
1.6200000000e-07
1.5400000000e-07
1.3111000000e-05
6.4329000000e-05
4.3400000000e-07
1.6999999999e-07
1.7853000000e-05
2.3200000000e-07
1.5600000000e-07
1.5900000000e-07
1.3117000000e-05
6.4486000000e-05
4.1600000000e-07
1.7400000000e-07
1.7843000000e-05
2.2900000000e-07
1.5000000000e-07
1.4800000000e-07
1.3112000000e-05
6.4179000000e-05
4.4700000000e-07
1.8100000000e-07
1.7792000000e-05
2.1700000000e-07
1.5600000000e-07
1.5600000000e-07
1.4894000000e-05
6.4058000000e-05
4.7700000001e-07
1.8200000000e-07
1.4677000000e-05
2.0300000000e-07
1.6200000000e-07
1.7000000000e-07
9.7510000000e-06
6.4331000000e-05
4.6700000000e-07
1.7000000000e-07
1.7825000000e-05
2.4800000000e-07
1.5200000000e-07
1.5200000000e-07
1.3072000000e-05
6.4361000000e-05
3.9600000000e-07
1.5900000000e-07
1.7908000000e-05
2.1800000000e-07
1.5300000000e-07
1.5000000000e-07
9.9570000000e-06
6.3861000000e-05
4.2800000000e-07
1.7600000000e-07
1.6087000000e-05
2.2400000000e-07
1.5800000000e-07
1.5300000000e-07
1.3099000000e-05
6.4279000000e-05
4.6100000000e-07
1.7800000000e-07
1.4542000000e-05
2.2000000000e-07
1.5300000000e-07
1.5000000000e-07
9.7480000000e-06
6.4181000000e-05
4.2700000000e-07
1.6400000000e-07
1.7923000000e-05
2.1300000000e-07
1.4800000001e-07
1.5600000000e-07
9.7670000000e-06
6.3619000000e-05
4.6700000000e-07
1.7900000000e-07
1.1394000000e-05
2.2300000000e-07
1.6200000000e-07
1.6000000000e-07
1.1377000000e-05
6.4564000000e-05
4.2600000000e-07
1.8500000000e-07
1.7877000000e-05
2.1200000000e-07
1.6200000000e-07
1.5100000000e-07
1.3364000000e-05
6.4259000000e-05
4.3600000000e-07
1.7400000000e-07
2.4243000000e-05
2.4100000000e-07
1.6800000000e-07
1.5800000000e-07
6.5540000000e-06
6.3775000000e-05
4.5799999999e-07
1.7000000000e-07
1.7685000000e-05
2.1800000000e-07
1.8400000000e-07
1.5800000000e-07
1.3164000000e-05
6.3844000000e-05
4.5900000000e-07
1.6800000000e-07
1.2847000000e-05
2.0500000000e-07
1.6600000000e-07
1.6000000000e-07
6.5230000000e-06
6.4152000000e-05
4.3800000000e-07
1.7800000000e-07
1.7700000000e-05
2.4000000000e-07
1.5100000000e-07
1.5300000000e-07
1.3183000000e-05
6.4554000000e-05
4.5700000000e-07
1.5800000000e-07
1.1144000000e-05
2.2100000000e-07
1.6900000000e-07
1.7100000000e-07
1.3203000000e-05
6.4341000000e-05
4.4600000000e-07
1.8500000000e-07
1.8203000000e-05
2.2500000000e-07
1.5400000000e-07
1.5000000000e-07
8.2030000000e-06
6.4964000000e-05
4.2200000000e-07
1.7900000000e-07
1.7852000000e-05
2.3000000000e-07
1.5000000000e-07
1.5600000000e-07
1.3134000000e-05
6.4529000000e-05
4.6300000001e-07
1.9100000000e-07
1.7808000000e-05
2.3200000000e-07
1.6200000000e-07
1.4900000000e-07
6.7300000000e-06
6.4519000000e-05
4.3100000000e-07
1.8000000000e-07
1.7753000000e-05
2.1700000000e-07
1.6000000000e-07
1.5400000000e-07
1.3087000000e-05
6.4575000000e-05
4.3000000000e-07
1.6400000000e-07
1.9354000000e-05
2.0900000000e-07
1.6800000000e-07
1.5400000000e-07
1.2949000000e-05
6.4285000000e-05
4.4700000000e-07
1.7800000000e-07
1.7751000000e-05
2.3200000000e-07
1.8800000001e-07
1.5200000000e-07
1.3004000000e-05
6.4091000000e-05
4.2100000000e-07
1.8700000000e-07
1.7759000000e-05
2.2400000000e-07
1.6400000000e-07
1.5100000000e-07
1.3087000000e-05
6.4134000000e-05
4.4400000000e-07
1.6900000000e-07
1.5939000000e-05
2.7900000000e-07
1.4900000000e-07
1.5000000000e-07
6.5000000000e-06
6.4646000000e-05
4.7900000000e-07
1.6000000000e-07
1.1523000000e-05
2.2800000000e-07
1.5300000000e-07
1.6200000000e-07
9.8370000000e-06
6.4454000000e-05
4.2000000000e-07
1.7600000000e-07
1.7810000000e-05
2.0700000000e-07
1.5300000000e-07
1.5200000000e-07
9.9020000000e-06
6.3681000000e-05
4.3000000000e-07
1.7400000000e-07
1.4820000000e-05
2.4000000001e-07
1.6000000000e-07
1.5500000000e-07
1.4762000000e-05
6.4605000000e-05
4.2400000000e-07
1.5800000000e-07
1.4601000000e-05
2.3000000000e-07
1.6400000000e-07
1.8900000000e-07
9.8220000000e-06
6.4575000000e-05
4.2200000000e-07
1.9900000000e-07
1.7916000000e-05
2.1500000000e-07
1.5600000000e-07
1.5900000000e-07
1.3406000000e-05
6.3823000000e-05
4.6900000000e-07
1.9900000000e-07
1.7999000000e-05
2.3700000000e-07
1.8300000000e-07
1.5300000000e-07
1.3078000000e-05
6.4349000000e-05
4.3400000000e-07
1.7800000000e-07
1.9337000000e-05
2.1100000000e-07
1.7400000000e-07
1.5200000000e-07
1.3148000000e-05
6.4487000000e-05
4.4700000000e-07
1.8000000000e-07
1.4616000000e-05
2.1300000000e-07
1.6200000000e-07
1.5800000000e-07
6.4670000000e-06
6.4990000000e-05
4.5200000000e-07
1.6800000000e-07
1.4643000000e-05
2.4000000001e-07
1.5699999999e-07
1.5200000000e-07
1.3199000000e-05
6.4181000000e-05
4.3900000000e-07
1.7200000000e-07
1.7855000000e-05
2.5000000000e-07
1.6000000000e-07
1.5700000000e-07
1.4548000000e-05
6.4143000000e-05
5.0400000000e-07
1.7800000000e-07
1.8189000000e-05
2.3800000000e-07
1.0397220000e-03
4.5500000000e-07
1.7251000000e-05
7.1973000000e-05
5.3300000000e-07
1.6400000000e-07
1.3997000000e-05
2.0300000000e-07
1.5200000000e-07
1.6700000000e-07
1.7295000000e-05
6.6271000000e-05
4.6900000000e-07
1.7200000000e-07
1.5493000000e-05
2.1100000000e-07
1.5400000000e-07
1.5700000000e-07
1.7222000000e-05
6.4185000000e-05
4.5400000000e-07
1.7900000000e-07
1.0607000000e-05
2.0700000000e-07
1.8000000000e-07
1.6600000000e-07
1.3833000000e-05
6.4654000000e-05
4.2000000000e-07
1.8400000000e-07
1.3892000000e-05
2.0900000000e-07
1.6100000000e-07
1.5700000000e-07
1.7181000000e-05
6.3948000000e-05
4.1600000000e-07
1.8700000001e-07
1.3912000000e-05
2.1700000000e-07
1.5400000000e-07
1.6999999999e-07
1.5209000000e-05
6.7465000000e-05
4.6300000001e-07
1.8900000000e-07
1.0754000000e-05
2.0300000000e-07
1.4800000000e-07
1.5800000000e-07
1.7170000000e-05
6.4222000000e-05
4.4500000000e-07
1.8300000000e-07
1.3941000000e-05
2.1800000000e-07
1.6400000000e-07
1.5700000000e-07
1.7429000000e-05
6.4904000000e-05
5.0400000000e-07
2.0200000000e-07
1.3855000000e-05
2.0900000000e-07
1.5300000000e-07
1.5400000000e-07
1.3820000000e-05
6.4773000000e-05
4.6100000000e-07
1.6400000000e-07
9.2540000000e-06
2.0700000000e-07
1.5300000000e-07
1.5600000000e-07
1.3749000000e-05
6.5025000000e-05
4.0300000000e-07
1.6899999999e-07
1.4028000000e-05
2.1300000000e-07
1.6000000000e-07
1.6400000000e-07
1.7271000000e-05
6.4318000000e-05
4.1600000000e-07
1.6600000000e-07
1.3945000000e-05
2.0000000000e-07
1.6500000000e-07
1.6400000000e-07
1.7175000000e-05
6.4493000000e-05
4.2900000000e-07
1.8800000000e-07
1.0527000000e-05
2.0700000000e-07
1.5100000000e-07
1.5000000000e-07
2.1722000000e-05
6.5182000000e-05
4.3700000001e-07
1.7800000000e-07
7.2920000000e-06
1.9400000000e-07
1.6200000000e-07
1.8300000000e-07
1.0510000000e-05
6.4199000000e-05
4.4599999999e-07
1.6200000000e-07
1.3995000000e-05
1.9500000000e-07
1.6400000000e-07
1.5000000000e-07
1.0431000000e-05
6.4873000000e-05
4.9600000000e-07
1.9600000000e-07
7.7240000000e-06
2.0800000000e-07
1.6000000000e-07
1.4800000000e-07
1.7329000000e-05
6.5780000000e-05
4.2600000000e-07
1.7700000000e-07
1.5373000000e-05
2.1900000000e-07
1.5500000000e-07
1.5200000000e-07
1.7067000000e-05
6.6001000000e-05
4.1400000000e-07
1.7800000000e-07
7.3610000000e-06
2.1300000000e-07
1.5800000000e-07
1.7000000000e-07
1.7089000000e-05
6.4983000000e-05
4.4900000000e-07
1.6200000000e-07
1.3921000000e-05
2.0300000000e-07
1.5400000000e-07
1.5900000000e-07
1.0603000000e-05
6.5580000000e-05
4.4900000000e-07
1.9100000000e-07
1.3929000000e-05
1.9700000000e-07
1.5600000000e-07
1.6000000000e-07
1.8661000000e-05
6.4314000000e-05
4.3300000000e-07
1.8200000000e-07
1.3929000000e-05
2.1500000000e-07
1.5200000000e-07
1.5400000000e-07
1.0543000000e-05
6.4317000000e-05
4.1300000000e-07
1.7200000001e-07
1.3748000000e-05
2.0700000000e-07
1.6200000000e-07
1.5400000000e-07
1.7190000000e-05
6.5240000000e-05
4.3400000000e-07
1.6000000001e-07
1.4003000000e-05
2.3600000000e-07
1.5100000000e-07
1.5400000000e-07
1.0504000000e-05
6.4703000000e-05
4.1300000000e-07
1.8000000000e-07
1.5437000000e-05
2.3600000000e-07
1.6000000000e-07
1.5100000000e-07
1.0821000000e-05
6.5038000000e-05
4.4200000000e-07
1.7600000000e-07
7.3490000000e-06
2.0100000000e-07
1.5600000000e-07
1.5600000000e-07
1.3451000000e-05
6.7982000000e-05
4.4700000000e-07
1.8199999999e-07
1.0568000000e-05
2.1400000000e-07
1.6100000000e-07
1.7000000000e-07
1.7410000000e-05
6.5026000000e-05
4.3000000000e-07
1.6200000000e-07
1.2257000000e-05
2.1100000000e-07
1.4800000000e-07
1.5700000000e-07
1.3777000000e-05
6.4900000000e-05
