isend N: 3200
isend totaltime: 1.3769214000e-02
isend avg: 4.3028793750e-06
isend std-dev: 3.2110533755e-05
----
2.8389000000e-05
5.6600000000e-07
3.9000000000e-07
2.9900000000e-07
3.3600000000e-07
2.5600000000e-07
2.6400000000e-07
2.5800000000e-07
2.5300000000e-07
2.9700000000e-07
2.6200000000e-07
2.9500000000e-07
2.6000000000e-07
2.6200000000e-07
2.5800000000e-07
2.5400000000e-07
2.5900000000e-07
3.0800000000e-07
2.5400000000e-07
3.0900000000e-07
3.8400000000e-07
2.6600000000e-07
2.6000000000e-07
2.5400000000e-07
2.5500000000e-07
2.6000000000e-07
2.6000000000e-07
2.6200000000e-07
2.5900000000e-07
2.5800000000e-07
2.5600000000e-07
2.5400000000e-07
2.6000000000e-07
2.5700000000e-07
3.3600000000e-07
3.0100000000e-07
3.6300000000e-07
3.0100000000e-07
2.5200000000e-07
3.0100000000e-07
2.5600000000e-07
2.9700000000e-07
2.5600000000e-07
2.6000000000e-07
2.5600000000e-07
3.0100000000e-07
2.6300000000e-07
2.9700000000e-07
2.6200000000e-07
2.6300000000e-07
2.6400000000e-07
2.6000000000e-07
3.7100000000e-07
2.8700000000e-07
2.5400000000e-07
2.9900000000e-07
2.6500000000e-07
2.5200000000e-07
2.6000000000e-07
2.5600000000e-07
2.6100000000e-07
2.5800000000e-07
3.0500000000e-07
2.6900000000e-07
2.9100000000e-07
2.5200000000e-07
3.7900000000e-07
2.9500000000e-07
3.4200000000e-07
2.5400000000e-07
2.5800000000e-07
2.5200000000e-07
2.5600000000e-07
2.6000000000e-07
2.6200000000e-07
2.6300000000e-07
2.5600000000e-07
2.5600000000e-07
2.9800000000e-07
2.5400000000e-07
3.0500000000e-07
2.6400000000e-07
2.5000000000e-07
2.5700000000e-07
3.8500000000e-07
2.4200000000e-07
2.5600000000e-07
2.8300000000e-07
2.4600000000e-07
2.5400000000e-07
3.0500000000e-07
2.5400000000e-07
2.5800000000e-07
2.5900000000e-07
2.5200000000e-07
2.6600000000e-07
3.0600000000e-07
2.5700000000e-07
3.8300000000e-07
3.0300000000e-07
3.3400000000e-07
2.5000000000e-07
2.4800000000e-07
3.8800000000e-07
2.5000000000e-07
2.6600000000e-07
2.5600000000e-07
2.5900000000e-07
2.6200000000e-07
2.5400000000e-07
2.5200000000e-07
2.5400000000e-07
2.5200000000e-07
2.5200000000e-07
2.5100000000e-07
2.9700000000e-07
3.3400000000e-07
2.5400000000e-07
2.6400000000e-07
2.9700000000e-07
2.5400000000e-07
2.5200000000e-07
2.5300000000e-07
2.9400000000e-07
2.5800000000e-07
2.5800000000e-07
2.5800000000e-07
2.6100000000e-07
2.7000000000e-07
3.5000000000e-07
3.3300000000e-07
3.0200000000e-07
3.4200000000e-07
2.9900000000e-07
2.5900000000e-07
2.5500000000e-07
3.0500000000e-07
2.6000000000e-07
2.6000000000e-07
2.9900000000e-07
2.6000000000e-07
2.9500000000e-07
2.5600000000e-07
2.5400000000e-07
2.5900000000e-07
2.6200000000e-07
2.5200000000e-07
2.5000000000e-07
3.4200000000e-07
3.0000000000e-07
2.5800000000e-07
2.9300000000e-07
3.0100000000e-07
2.6000000000e-07
2.5400000000e-07
2.9700000000e-07
2.9900000000e-07
2.5200000000e-07
2.5600000000e-07
3.0200000000e-07
2.5900000000e-07
3.1100000000e-07
3.3800000000e-07
2.9700000000e-07
3.3600000000e-07
2.5700000000e-07
2.5000000000e-07
3.0300000000e-07
3.0500000000e-07
2.5900000000e-07
2.6000000000e-07
2.5800000000e-07
2.5600000000e-07
2.5300000000e-07
2.5700000000e-07
2.6200000000e-07
2.5600000000e-07
2.5400000000e-07
2.5800000000e-07
2.5200000000e-07
3.4000000000e-07
3.0100000000e-07
2.5600000000e-07
3.0500000000e-07
2.5300000000e-07
2.9700000000e-07
2.6000000000e-07
3.0100000000e-07
2.5800000000e-07
3.1000000000e-07
2.5200000000e-07
2.6000000000e-07
2.5200000000e-07
2.7100000000e-07
4.2400000000e-07
2.8700000000e-07
3.6900000000e-07
2.6400000000e-07
2.4800000000e-07
2.5900000000e-07
2.6200000000e-07
2.8700000000e-07
2.4400000000e-07
2.6400000000e-07
2.5200000000e-07
2.9500000000e-07
2.5000000000e-07
2.9800000000e-07
2.5300000000e-07
3.0100000000e-07
2.9900000000e-07
2.5000000000e-07
3.3800000000e-07
2.9900000000e-07
3.0300000000e-07
2.5200000000e-07
2.5600000000e-07
3.0100000000e-07
2.4800000000e-07
3.0000000000e-07
2.6200000000e-07
2.5800000000e-07
2.5800000000e-07
2.5800000000e-07
2.5900000000e-07
2.6000000000e-07
3.5600000000e-07
3.0200000000e-07
3.2800000000e-07
2.9500000000e-07
2.5600000000e-07
3.0500000000e-07
2.5300000000e-07
3.0100000000e-07
2.5800000000e-07
3.0500000000e-07
2.9700000000e-07
2.5100000000e-07
2.6000000000e-07
2.9900000000e-07
2.5200000000e-07
2.9500000000e-07
2.6000000000e-07
2.6000000000e-07
3.3200000000e-07
2.5600000000e-07
2.6200000000e-07
2.4800000000e-07
2.5400000000e-07
2.9800000000e-07
2.5200000000e-07
2.5200000000e-07
2.5800000000e-07
2.5400000000e-07
2.5000000000e-07
2.5000000000e-07
2.5800000000e-07
2.5900000000e-07
3.4200000000e-07
3.4000000000e-07
4.0600000000e-07
2.5600000000e-07
2.6400000000e-07
2.6300000000e-07
2.6200000000e-07
2.6400000000e-07
2.6500000000e-07
2.6200000000e-07
2.5400000000e-07
2.9800000000e-07
2.6500000000e-07
2.5800000000e-07
2.6000000000e-07
2.5700000000e-07
2.6200000000e-07
2.9700000000e-07
3.3600000000e-07
2.9500000000e-07
2.5900000000e-07
3.0300000000e-07
2.6200000000e-07
2.5700000000e-07
2.5900000000e-07
2.9700000000e-07
2.6400000000e-07
2.5800000000e-07
2.5700000000e-07
2.5400000000e-07
2.6000000000e-07
2.5200000000e-07
3.3400000000e-07
2.5000000000e-07
3.2000000000e-07
2.4800000000e-07
2.4400000000e-07
2.4400000000e-07
3.0700000000e-07
2.5000000000e-07
2.6000000000e-07
2.6400000000e-07
2.6200000000e-07
2.6600000000e-07
2.5500000000e-07
2.6600000000e-07
2.5800000000e-07
2.6100000000e-07
2.9700000000e-07
2.6200000000e-07
3.3800000000e-07
3.0800000000e-07
2.5400000000e-07
2.9900000000e-07
3.0100000000e-07
2.6100000000e-07
2.4900000000e-07
2.9700000000e-07
2.6000000000e-07
2.5400000000e-07
2.5400000000e-07
2.5600000000e-07
2.6500000000e-07
2.5600000000e-07
3.3800000000e-07
2.7100000000e-07
3.9300000000e-07
2.5400000000e-07
2.5800000000e-07
2.5200000000e-07
2.5400000000e-07
2.5200000000e-07
2.5400000000e-07
2.5800000000e-07
2.5200000000e-07
2.5600000000e-07
2.6300000000e-07
2.5600000000e-07
2.5200000000e-07
2.5400000000e-07
2.5400000000e-07
2.5700000000e-07
3.3000000000e-07
2.6200000000e-07
2.5400000000e-07
3.0100000000e-07
2.6100000000e-07
2.5100000000e-07
2.5200000000e-07
3.0500000000e-07
2.6200000000e-07
2.5700000000e-07
2.6200000000e-07
2.5600000000e-07
2.5800000000e-07
2.5400000000e-07
3.8000000000e-07
2.6200000000e-07
3.8300000000e-07
3.0100000000e-07
2.5700000000e-07
2.5800000000e-07
3.1800000000e-07
2.5400000000e-07
2.6000000000e-07
2.5400000000e-07
2.5800000000e-07
2.9700000000e-07
2.5600000000e-07
2.5800000000e-07
2.5400000000e-07
2.6400000000e-07
2.5200000000e-07
3.0600000000e-07
3.4200000000e-07
2.6000000000e-07
2.5200000000e-07
3.0000000000e-07
2.5600000000e-07
2.5600000000e-07
2.6400000000e-07
2.5900000000e-07
2.5000000000e-07
2.5400000000e-07
2.6000000000e-07
2.6300000000e-07
2.5400000000e-07
2.5200000000e-07
3.3600000000e-07
2.6400000000e-07
3.4400000000e-07
3.2400000000e-07
2.5400000000e-07
2.9400000000e-07
2.6100000000e-07
2.5400000000e-07
2.5000000000e-07
2.6200000000e-07
2.5600000000e-07
2.5300000000e-07
2.5300000000e-07
3.0300000000e-07
2.6000000000e-07
2.9900000000e-07
2.5600000000e-07
2.5200000000e-07
3.4200000000e-07
3.0300000000e-07
3.0500000000e-07
3.0000000000e-07
2.5600000000e-07
2.6200000000e-07
2.5600000000e-07
2.5600000000e-07
2.5400000000e-07
3.0100000000e-07
2.5400000000e-07
3.0300000000e-07
3.0600000000e-07
2.5600000000e-07
3.3400000000e-07
3.0100000000e-07
3.3800000000e-07
3.0200000000e-07
2.5400000000e-07
3.0300000000e-07
2.5000000000e-07
2.6000000000e-07
2.5200000000e-07
3.0300000000e-07
2.6000000000e-07
2.9100000000e-07
2.5800000000e-07
3.0200000000e-07
2.5600000000e-07
2.6200000000e-07
2.5400000000e-07
2.5800000000e-07
3.4100000000e-07
2.6400000000e-07
2.5000000000e-07
2.9500000000e-07
2.6200000000e-07
2.5400000000e-07
2.5600000000e-07
2.5200000000e-07
2.4800000000e-07
2.5200000000e-07
2.6200000000e-07
3.4114000000e-05
3.9600000000e-07
1.9600000000e-07
1.5300000000e-07
1.8152000000e-05
2.3000000000e-07
1.6100000000e-07
1.4800000000e-07
1.2183000000e-05
1.9300000000e-07
1.5800000000e-07
1.5300000000e-07
1.4107000000e-05
1.9000000000e-07
1.4700000000e-07
1.3800000000e-07
1.3048000000e-05
1.8100000000e-07
1.4900000000e-07
1.4600000000e-07
1.3923000000e-05
1.9700000000e-07
1.9000000000e-07
1.4400000000e-07
6.5700000000e-06
1.9600000000e-07
1.5800000000e-07
1.4800000000e-07
1.6624000000e-05
2.3800000000e-07
1.4900000000e-07
1.4800000000e-07
1.0236000000e-05
1.8700000000e-07
1.4500000000e-07
1.5000000000e-07
1.8595000000e-05
1.8900000000e-07
1.4500000000e-07
1.4600000000e-07
6.4820000000e-06
1.8000000000e-07
1.6400000000e-07
1.4400000000e-07
1.7162000000e-05
2.0700000000e-07
1.7900000000e-07
1.4700000000e-07
9.8450000000e-06
1.7800000000e-07
1.5600000000e-07
1.4600000000e-07
1.3433000000e-05
2.0100000000e-07
1.4700000000e-07
1.4800000000e-07
1.2886000000e-05
1.8800000000e-07
1.4300000000e-07
1.4900000000e-07
1.3698000000e-05
2.1100000000e-07
1.4400000000e-07
1.4900000000e-07
1.5055000000e-05
1.7600000000e-07
1.4100000000e-07
1.4800000000e-07
1.6718000000e-05
1.9100000000e-07
1.5600000000e-07
1.4700000000e-07
9.7770000000e-06
1.7600000000e-07
1.4700000000e-07
1.4400000000e-07
1.6726000000e-05
1.9900000000e-07
1.4400000000e-07
1.4500000000e-07
9.7260000000e-06
1.7900000000e-07
1.4500000000e-07
1.4800000000e-07
1.3232000000e-05
1.9300000000e-07
1.5100000000e-07
1.4400000000e-07
9.7300000000e-06
1.7400000000e-07
1.4200000000e-07
1.4300000000e-07
2.1036000000e-05
2.1400000000e-07
1.4900000000e-07
1.4600000000e-07
9.6840000000e-06
1.8400000000e-07
1.5000000000e-07
1.4500000000e-07
1.3324000000e-05
2.2300000000e-07
1.4600000000e-07
1.5100000000e-07
9.6680000000e-06
1.7800000000e-07
1.4700000000e-07
1.4400000000e-07
1.6423000000e-05
2.0900000000e-07
2.8700000000e-07
1.4300000000e-07
1.3007000000e-05
1.7900000000e-07
2.5600000000e-07
1.5400000000e-07
1.4871000000e-05
2.1000000000e-07
1.4700000000e-07
1.5400000000e-07
9.7300000000e-06
1.7400000000e-07
1.4600000000e-07
1.4700000000e-07
1.3431000000e-05
1.8600000000e-07
1.5400000000e-07
1.4900000000e-07
1.3401000000e-05
1.7600000000e-07
1.5000000000e-07
1.4700000000e-07
1.6694000000e-05
1.9700000000e-07
1.4200000000e-07
1.5600000000e-07
1.2808000000e-05
1.8600000000e-07
1.4600000000e-07
1.5400000000e-07
1.3168000000e-05
2.0900000000e-07
1.4100000000e-07
1.4600000000e-07
1.4574000000e-05
2.1400000000e-07
1.4900000000e-07
1.5000000000e-07
9.9430000000e-06
1.8900000000e-07
1.4900000000e-07
1.4600000000e-07
1.2736000000e-05
1.7300000000e-07
1.4600000000e-07
1.4700000000e-07
1.0147000000e-05
1.9000000000e-07
1.5200000000e-07
1.5000000000e-07
9.6820000000e-06
1.8400000000e-07
1.4700000000e-07
1.6000000000e-07
1.3226000000e-05
1.9500000000e-07
1.4600000000e-07
1.4500000000e-07
9.8230000000e-06
1.8200000000e-07
1.6000000000e-07
1.4600000000e-07
1.4880000000e-05
1.9800000000e-07
2.0800000000e-07
1.4100000000e-07
6.4330000000e-06
1.8200000000e-07
1.5400000000e-07
1.5400000000e-07
1.6156000000e-05
1.8800000000e-07
1.5600000000e-07
1.4300000000e-07
6.5040000000e-06
1.8000000000e-07
1.4600000000e-07
1.4700000000e-07
2.2942000000e-05
2.1100000000e-07
1.5100000000e-07
1.4700000000e-07
9.6210000000e-06
1.8500000000e-07
1.4700000000e-07
1.4200000000e-07
1.6420000000e-05
1.8400000000e-07
1.4400000000e-07
1.5100000000e-07
1.1343000000e-05
1.8100000000e-07
1.5500000000e-07
1.4600000000e-07
1.3206000000e-05
1.8400000000e-07
1.4600000000e-07
1.4500000000e-07
1.2855000000e-05
1.7700000000e-07
1.4700000000e-07
1.4600000000e-07
1.6351000000e-05
1.9300000000e-07
1.5400000000e-07
1.5100000000e-07
1.2820000000e-05
1.8600000000e-07
1.4600000000e-07
1.4900000000e-07
1.3257000000e-05
1.8500000000e-07
1.4700000000e-07
1.4400000000e-07
1.2912000000e-05
1.7800000000e-07
1.4300000000e-07
1.4400000000e-07
1.4675000000e-05
1.9500000000e-07
1.4700000000e-07
1.4400000000e-07
1.2763000000e-05
2.2700000000e-07
1.4600000000e-07
1.4700000000e-07
1.0009000000e-05
1.8700000000e-07
2.1500000000e-07
1.4600000000e-07
1.2537000000e-05
1.8100000000e-07
1.5100000000e-07
1.4400000000e-07
1.5790000000e-05
1.8400000000e-07
1.5400000000e-07
1.5400000000e-07
9.9350000000e-06
1.7600000000e-07
1.4500000000e-07
1.4900000000e-07
1.3164000000e-05
1.9000000000e-07
1.4500000000e-07
1.4800000000e-07
1.5124000000e-05
1.9200000000e-07
1.4800000000e-07
1.4700000000e-07
1.3353000000e-05
1.9000000000e-07
1.5000000000e-07
1.4500000000e-07
1.2946000000e-05
1.7800000000e-07
1.4400000000e-07
1.4700000000e-07
1.6351000000e-05
2.2100000000e-07
2.3800000000e-07
1.4700000000e-07
9.6630000000e-06
1.8000000000e-07
1.7000000000e-07
1.5000000000e-07
1.6464000000e-05
1.8200000000e-07
1.6100000000e-07
1.4400000000e-07
9.8320000000e-06
1.8400000000e-07
1.4800000000e-07
1.4700000000e-07
2.0948000000e-05
2.1700000000e-07
1.4900000000e-07
1.4600000000e-07
9.8000000000e-06
1.8200000000e-07
1.4600000000e-07
1.4600000000e-07
1.6415000000e-05
1.8600000000e-07
2.5500000000e-07
1.4900000000e-07
1.3126000000e-05
1.7600000000e-07
1.5600000000e-07
1.4500000000e-07
1.5976000000e-05
1.9600000000e-07
2.7800000000e-07
1.4200000000e-07
6.5120000000e-06
2.0000000000e-07
1.4400000000e-07
1.5200000000e-07
1.4378000000e-05
1.9600000000e-07
1.4800000000e-07
1.5800000000e-07
6.7870000000e-06
1.8600000000e-07
1.4400000000e-07
1.5000000000e-07
1.6183000000e-05
1.8600000000e-07
2.4300000000e-07
1.4600000000e-07
1.3003000000e-05
1.8800000000e-07
1.4600000000e-07
1.4500000000e-07
1.6468000000e-05
1.8900000000e-07
1.4300000000e-07
1.4800000000e-07
1.2923000000e-05
1.8600000000e-07
1.5400000000e-07
1.4600000000e-07
1.6538000000e-05
1.9100000000e-07
1.4500000000e-07
1.4900000000e-07
1.4384000000e-05
1.8900000000e-07
1.4500000000e-07
1.4800000000e-07
1.2974000000e-05
1.9100000000e-07
1.5600000000e-07
1.4300000000e-07
1.2974000000e-05
1.7300000000e-07
1.5000000000e-07
1.4400000000e-07
1.2896000000e-05
2.0700000000e-07
1.4800000000e-07
1.4900000000e-07
9.8280000000e-06
1.7800000000e-07
1.4700000000e-07
1.4400000000e-07
1.3068000000e-05
1.9100000000e-07
1.4600000000e-07
1.4500000000e-07
1.3039000000e-05
1.8800000000e-07
1.5600000000e-07
1.5000000000e-07
1.7855000000e-05
1.8500000000e-07
1.8200000000e-07
1.5000000000e-07
1.2918000000e-05
1.7300000000e-07
1.5300000000e-07
1.4400000000e-07
1.6523000000e-05
2.0500000000e-07
1.4200000000e-07
1.4700000000e-07
2.2653000000e-05
2.1600000000e-07
1.4300000000e-07
1.4500000000e-07
9.9120000000e-06
1.8300000000e-07
2.4600000000e-07
1.5400000000e-07
1.3216000000e-05
1.9500000000e-07
1.4100000000e-07
1.4800000000e-07
1.2738000000e-05
1.7600000000e-07
1.4700000000e-07
1.3800000000e-07
1.1465000000e-05
1.8400000000e-07
1.4600000000e-07
1.5500000000e-07
9.6750000000e-06
1.7600000000e-07
1.8600000000e-07
1.4700000000e-07
1.6216000000e-05
2.0400000000e-07
2.6300000000e-07
1.4500000000e-07
1.3060000000e-05
1.8500000000e-07
1.4700000000e-07
1.5500000000e-07
1.2978000000e-05
2.1600000000e-07
1.4700000000e-07
1.4600000000e-07
1.2679000000e-05
1.9400000000e-07
1.6400000000e-07
1.4700000000e-07
1.6462000000e-05
2.0300000000e-07
1.5000000000e-07
1.5300000000e-07
1.1128000000e-05
1.7600000000e-07
1.4600000000e-07
1.4700000000e-07
1.3149000000e-05
1.9000000000e-07
2.6100000000e-07
1.4700000000e-07
1.2718000000e-05
1.8500000000e-07
2.2100000000e-07
1.4600000000e-07
1.3241000000e-05
2.0100000000e-07
1.4800000000e-07
1.4900000000e-07
9.9080000000e-06
1.9200000000e-07
1.5000000000e-07
1.5300000000e-07
1.6330000000e-05
1.9400000000e-07
1.5200000000e-07
1.4700000000e-07
1.2898000000e-05
1.7800000000e-07
1.5600000000e-07
1.4700000000e-07
1.4668000000e-05
1.8500000000e-07
1.4900000000e-07
1.4400000000e-07
9.5210000000e-06
1.8700000000e-07
1.4500000000e-07
1.5400000000e-07
1.3056000000e-05
1.8400000000e-07
1.6000000000e-07
1.4600000000e-07
9.7590000000e-06
2.0500000000e-07
1.5300000000e-07
1.4800000000e-07
1.2970000000e-05
1.8800000000e-07
1.4600000000e-07
1.4500000000e-07
9.6720000000e-06
1.8500000000e-07
1.4700000000e-07
1.4800000000e-07
1.7904000000e-05
2.1700000000e-07
1.5500000000e-07
1.4100000000e-07
1.3076000000e-05
2.0800000000e-07
1.4200000000e-07
1.4300000000e-07
1.6569000000e-05
1.9500000000e-07
1.4500000000e-07
1.5200000000e-07
1.3009000000e-05
2.0100000000e-07
1.4500000000e-07
1.6000000000e-07
1.6550000000e-05
2.1500000000e-07
1.4800000000e-07
1.4500000000e-07
1.2893000000e-05
1.9200000000e-07
1.7900000000e-07
1.5000000000e-07
1.3163000000e-05
2.0300000000e-07
1.5600000000e-07
1.5300000000e-07
8.4490000000e-06
1.9300000000e-07
1.4600000000e-07
1.4500000000e-07
1.0023000000e-05
1.8500000000e-07
7.9917100000e-04
4.2000000000e-07
1.3655000000e-05
2.1300000000e-07
1.4800000000e-07
1.6600000000e-07
1.7712000000e-05
2.1100000000e-07
1.4300000000e-07
1.4600000000e-07
1.3173000000e-05
1.9500000000e-07
1.4500000000e-07
1.4400000000e-07
1.6679000000e-05
1.8800000000e-07
1.4600000000e-07
1.4700000000e-07
1.4421000000e-05
1.8900000000e-07
1.4300000000e-07
1.5600000000e-07
1.6556000000e-05
1.8900000000e-07
1.4700000000e-07
1.4900000000e-07
1.3105000000e-05
1.8700000000e-07
1.4700000000e-07
1.4600000000e-07
1.3361000000e-05
1.8900000000e-07
1.4800000000e-07
1.5100000000e-07
6.4980000000e-06
1.8000000000e-07
1.5400000000e-07
1.3700000000e-07
1.3361000000e-05
1.8400000000e-07
1.4300000000e-07
1.4400000000e-07
1.3156000000e-05
1.8300000000e-07
1.6600000000e-07
1.7000000000e-07
1.8015000000e-05
1.9900000000e-07
1.5000000000e-07
1.4900000000e-07
9.7550000000e-06
1.8600000000e-07
1.5200000000e-07
1.5600000000e-07
1.3603000000e-05
1.8300000000e-07
1.5300000000e-07
1.4800000000e-07
1.3015000000e-05
1.7800000000e-07
1.5600000000e-07
1.5000000000e-07
2.2671000000e-05
2.2200000000e-07
1.4700000000e-07
1.4800000000e-07
1.3252000000e-05
1.9800000000e-07
1.4600000000e-07
1.4500000000e-07
1.8426000000e-05
1.9900000000e-07
1.4700000000e-07
1.5400000000e-07
1.3171000000e-05
1.8400000000e-07
1.4400000000e-07
1.5400000000e-07
1.0055000000e-05
1.9400000000e-07
1.6600000000e-07
1.4400000000e-07
6.5410000000e-06
1.8000000000e-07
1.5800000000e-07
1.4900000000e-07
1.6583000000e-05
1.9300000000e-07
1.5500000000e-07
1.4800000000e-07
1.3181000000e-05
1.8100000000e-07
1.4500000000e-07
1.4600000000e-07
9.9960000000e-06
1.8700000000e-07
1.4100000000e-07
1.4600000000e-07
1.4539000000e-05
1.8800000000e-07
1.4400000000e-07
1.4400000000e-07
1.6589000000e-05
1.9100000000e-07
1.5100000000e-07
1.4500000000e-07
1.2988000000e-05
1.8200000000e-07
1.4100000000e-07
1.5000000000e-07
1.6591000000e-05
1.9100000000e-07
1.5800000000e-07
1.4300000000e-07
1.3296000000e-05
1.9900000000e-07
1.4500000000e-07
1.4400000000e-07
1.6451000000e-05
1.9100000000e-07
1.4600000000e-07
1.4500000000e-07
6.4020000000e-06
1.7000000000e-07
1.5800000000e-07
1.5000000000e-07
1.1552000000e-05
1.9200000000e-07
1.6400000000e-07
1.4400000000e-07
1.3097000000e-05
1.8800000000e-07
1.4800000000e-07
1.4500000000e-07
1.6591000000e-05
1.9800000000e-07
1.4400000000e-07
1.4900000000e-07
1.3118000000e-05
1.8900000000e-07
1.4400000000e-07
1.4800000000e-07
1.0076000000e-05
1.8900000000e-07
1.4900000000e-07
1.4800000000e-07
1.3043000000e-05
1.7600000000e-07
1.5400000000e-07
1.4500000000e-07
1.6493000000e-05
1.9700000000e-07
1.6000000000e-07
1.4600000000e-07
2.4196000000e-05
2.2500000000e-07
1.4700000000e-07
1.4900000000e-07
9.8940000000e-06
1.9000000000e-07
1.4400000000e-07
1.5300000000e-07
1.3251000000e-05
1.9500000000e-07
1.4700000000e-07
1.4700000000e-07
9.8000000000e-06
1.7800000000e-07
1.5400000000e-07
1.4900000000e-07
1.3210000000e-05
1.8000000000e-07
1.4700000000e-07
1.4500000000e-07
1.3016000000e-05
1.8800000000e-07
1.4200000000e-07
1.4500000000e-07
1.6954000000e-05
1.8500000000e-07
1.4400000000e-07
1.4800000000e-07
1.4707000000e-05
1.7800000000e-07
1.4800000000e-07
1.4700000000e-07
1.6465000000e-05
1.8800000000e-07
1.4800000000e-07
1.4500000000e-07
1.3113000000e-05
2.0500000000e-07
1.4700000000e-07
1.5800000000e-07
1.3208000000e-05
2.0500000000e-07
1.7200000000e-07
1.6200000000e-07
9.7260000000e-06
1.7400000000e-07
1.4800000000e-07
1.6600000000e-07
1.3233000000e-05
1.9200000000e-07
1.5700000000e-07
1.4600000000e-07
9.7340000000e-06
1.9700000000e-07
1.5200000000e-07
1.4600000000e-07
1.4662000000e-05
2.1500000000e-07
1.5600000000e-07
1.5100000000e-07
9.7900000000e-06
1.8600000000e-07
1.6000000000e-07
1.4600000000e-07
1.6562000000e-05
1.8700000000e-07
1.5700000000e-07
1.4500000000e-07
1.3009000000e-05
1.8400000000e-07
1.4200000000e-07
1.4700000000e-07
1.6487000000e-05
1.9100000000e-07
1.4400000000e-07
1.5400000000e-07
1.2996000000e-05
1.9100000000e-07
1.5300000000e-07
1.4300000000e-07
1.6353000000e-05
1.9600000000e-07
1.4200000000e-07
1.5200000000e-07
1.1332000000e-05
2.0500000000e-07
1.4800000000e-07
1.5700000000e-07
1.3594000000e-05
1.8600000000e-07
1.4600000000e-07
1.5700000000e-07
1.0064000000e-05
1.9000000000e-07
1.4400000000e-07
1.4700000000e-07
1.2882000000e-05
2.0300000000e-07
1.5000000000e-07
1.4100000000e-07
6.6280000000e-06
1.8800000000e-07
1.5000000000e-07
1.5800000000e-07
1.6623000000e-05
2.0700000000e-07
1.5100000000e-07
1.5200000000e-07
1.4603000000e-05
1.8300000000e-07
1.4500000000e-07
1.4400000000e-07
9.8830000000e-06
1.8300000000e-07
1.6000000000e-07
1.4700000000e-07
1.2993000000e-05
1.8000000000e-07
1.5200000000e-07
1.4500000000e-07
9.9560000000e-06
1.7800000000e-07
1.4200000000e-07
1.4700000000e-07
1.2972000000e-05
1.7500000000e-07
1.4700000000e-07
1.4400000000e-07
1.6599000000e-05
2.2200000000e-07
1.5100000000e-07
1.4400000000e-07
6.5000000000e-06
1.8700000000e-07
1.4700000000e-07
1.5200000000e-07
1.1439000000e-05
1.9500000000e-07
1.4300000000e-07
1.5600000000e-07
6.4210000000e-06
1.8000000000e-07
1.4400000000e-07
1.4500000000e-07
1.6417000000e-05
1.9500000000e-07
1.4500000000e-07
1.5600000000e-07
6.7050000000e-06
2.0500000000e-07
1.4800000000e-07
1.4500000000e-07
1.6475000000e-05
1.8600000000e-07
1.4200000000e-07
1.4500000000e-07
1.2974000000e-05
1.7500000000e-07
1.5900000000e-07
1.4700000000e-07
1.6413000000e-05
1.9300000000e-07
1.4600000000e-07
1.4800000000e-07
1.4584000000e-05
1.9100000000e-07
1.5800000000e-07
1.4300000000e-07
1.6604000000e-05
1.8200000000e-07
1.7000000000e-07
1.5400000000e-07
1.3025000000e-05
1.8900000000e-07
1.5000000000e-07
1.4500000000e-07
1.0023000000e-05
1.9100000000e-07
1.4200000000e-07
1.4700000000e-07
1.2960000000e-05
1.8200000000e-07
1.4400000000e-07
1.4500000000e-07
1.6462000000e-05
1.9100000000e-07
1.6000000000e-07
1.4500000000e-07
1.2989000000e-05
1.9000000000e-07
1.4200000000e-07
1.4300000000e-07
2.4483000000e-05
2.1400000000e-07
1.4700000000e-07
1.5000000000e-07
1.3062000000e-05
1.9000000000e-07
1.4600000000e-07
1.4800000000e-07
1.3279000000e-05
2.0700000000e-07
1.4900000000e-07
1.4700000000e-07
6.5230000000e-06
1.8100000000e-07
1.5300000000e-07
1.5200000000e-07
1.3205000000e-05
1.9000000000e-07
1.4600000000e-07
1.5100000000e-07
1.0116000000e-05
1.9200000000e-07
1.4800000000e-07
1.4500000000e-07
1.3347000000e-05
1.8400000000e-07
1.5800000000e-07
1.4600000000e-07
1.4674000000e-05
1.7100000000e-07
1.4700000000e-07
1.5200000000e-07
1.6550000000e-05
1.9000000000e-07
1.4900000000e-07
1.4400000000e-07
1.3002000000e-05
1.8300000000e-07
1.5500000000e-07
1.4400000000e-07
1.3146000000e-05
1.8100000000e-07
1.5000000000e-07
1.5600000000e-07
6.4780000000e-06
1.9300000000e-07
1.4700000000e-07
1.4800000000e-07
9.8770000000e-06
1.8600000000e-07
1.4800000000e-07
1.4300000000e-07
9.7010000000e-06
1.8700000000e-07
1.4400000000e-07
1.4700000000e-07
1.8097000000e-05
2.1700000000e-07
1.4300000000e-07
1.4800000000e-07
9.6810000000e-06
1.8000000000e-07
1.4800000000e-07
1.6600000000e-07
1.0064000000e-05
1.8000000000e-07
1.4400000000e-07
1.4900000000e-07
9.9850000000e-06
1.8600000000e-07
1.4400000000e-07
1.4700000000e-07
1.3032000000e-05
1.9700000000e-07
1.4500000000e-07
1.4600000000e-07
6.5220000000e-06
1.7600000000e-07
1.4900000000e-07
1.5200000000e-07
1.3302000000e-05
1.9500000000e-07
1.4900000000e-07
1.4700000000e-07
1.1673000000e-05
1.9100000000e-07
1.4700000000e-07
1.4000000000e-07
1.3269000000e-05
1.9100000000e-07
1.4800000000e-07
1.4600000000e-07
1.5867000000e-05
2.0800000000e-07
1.4900000000e-07
1.4600000000e-07
6.6780000000e-06
1.7700000000e-07
1.4900000000e-07
1.5000000000e-07
1.6867000000e-05
1.8600000000e-07
1.5800000000e-07
1.4600000000e-07
1.2998000000e-05
1.8300000000e-07
1.5300000000e-07
1.4800000000e-07
1.8060000000e-05
2.0300000000e-07
1.4600000000e-07
1.4300000000e-07
1.3161000000e-05
1.9100000000e-07
1.4900000000e-07
1.5800000000e-07
1.6521000000e-05
1.8100000000e-07
1.4500000000e-07
1.4600000000e-07
1.3049000000e-05
1.7700000000e-07
1.4500000000e-07
1.4800000000e-07
9.8770000000e-06
1.7800000000e-07
1.5800000000e-07
1.5800000000e-07
6.7300000000e-06
1.8000000000e-07
1.4800000000e-07
1.4300000000e-07
9.9660000000e-06
1.7900000000e-07
1.4900000000e-07
1.4800000000e-07
1.4650000000e-05
1.7400000000e-07
1.5800000000e-07
1.4600000000e-07
1.6543000000e-05
1.8800000000e-07
1.4600000000e-07
1.4700000000e-07
1.3378000000e-05
1.7800000000e-07
1.4000000000e-07
1.5000000000e-07
9.9620000000e-06
1.8100000000e-07
1.4700000000e-07
1.4800000000e-07
6.5000000000e-06
1.7200000000e-07
1.5500000000e-07
1.5400000000e-07
1.6523000000e-05
1.8500000000e-07
1.4500000000e-07
1.4800000000e-07
1.3170000000e-05
1.7900000000e-07
1.5300000000e-07
1.5600000000e-07
1.1591000000e-05
1.9500000000e-07
7.7460300000e-04
3.8100000000e-07
6.8260000000e-06
1.8000000000e-07
1.5800000000e-07
1.5100000000e-07
1.4349000000e-05
2.1100000000e-07
1.4500000000e-07
1.4200000000e-07
1.3105000000e-05
1.8200000000e-07
1.6200000000e-07
1.4600000000e-07
1.6728000000e-05
1.9500000000e-07
1.5800000000e-07
1.5100000000e-07
9.6570000000e-06
1.7400000000e-07
1.4600000000e-07
1.4600000000e-07
2.1030000000e-05
2.1100000000e-07
1.4600000000e-07
1.6400000000e-07
1.3127000000e-05
1.8300000000e-07
1.4300000000e-07
1.5200000000e-07
1.6620000000e-05
1.8600000000e-07
1.5000000000e-07
1.4900000000e-07
1.3038000000e-05
1.7400000000e-07
1.5800000000e-07
1.4400000000e-07
1.0161000000e-05
1.8600000000e-07
1.4700000000e-07
1.4800000000e-07
1.3008000000e-05
1.8600000000e-07
1.4600000000e-07
1.4800000000e-07
1.8140000000e-05
2.1000000000e-07
1.5500000000e-07
1.4800000000e-07
1.2937000000e-05
1.8300000000e-07
1.4700000000e-07
1.4400000000e-07
1.0082000000e-05
1.8600000000e-07
1.4700000000e-07
1.4600000000e-07
1.3036000000e-05
1.7800000000e-07
1.4800000000e-07
1.5000000000e-07
1.6459000000e-05
1.9100000000e-07
1.5200000000e-07
1.4500000000e-07
6.3790000000e-06
1.7600000000e-07
1.4700000000e-07
1.4400000000e-07
1.0142000000e-05
1.9500000000e-07
1.3900000000e-07
1.4600000000e-07
1.4443000000e-05
1.7600000000e-07
1.4400000000e-07
1.5100000000e-07
1.6452000000e-05
1.9500000000e-07
1.4500000000e-07
1.5000000000e-07
1.2841000000e-05
1.7200000000e-07
1.4600000000e-07
1.4500000000e-07
1.6355000000e-05
1.8900000000e-07
1.4700000000e-07
1.4600000000e-07
1.2982000000e-05
1.7400000000e-07
1.4400000000e-07
1.4300000000e-07
1.6431000000e-05
1.9200000000e-07
1.4400000000e-07
1.4900000000e-07
1.2962000000e-05
1.8900000000e-07
1.4400000000e-07
1.4300000000e-07
1.1720000000e-05
1.9900000000e-07
1.4600000000e-07
1.6000000000e-07
6.4670000000e-06
1.8000000000e-07
1.5300000000e-07
1.5600000000e-07
1.6402000000e-05
2.0000000000e-07
1.5000000000e-07
1.5600000000e-07
1.2984000000e-05
2.0100000000e-07
1.4300000000e-07
1.4800000000e-07
2.1462000000e-05
2.4200000000e-07
1.4800000000e-07
1.5100000000e-07
6.5070000000e-06
1.8000000000e-07
1.5400000000e-07
1.4500000000e-07
1.0279000000e-05
2.0300000000e-07
1.4700000000e-07
1.4400000000e-07
1.1209000000e-05
1.8300000000e-07
1.4700000000e-07
1.4400000000e-07
1.6476000000e-05
1.9900000000e-07
1.4700000000e-07
1.4200000000e-07
1.2996000000e-05
1.7800000000e-07
1.4700000000e-07
1.4400000000e-07
1.3119000000e-05
1.9500000000e-07
1.5600000000e-07
1.4400000000e-07
9.6930000000e-06
1.8200000000e-07
1.4500000000e-07
1.5000000000e-07
1.6420000000e-05
2.1300000000e-07
1.4500000000e-07
1.4600000000e-07
9.7460000000e-06
1.9200000000e-07
1.4600000000e-07
1.4500000000e-07
1.4679000000e-05
2.2400000000e-07
1.4900000000e-07
1.4600000000e-07
1.3290000000e-05
2.0500000000e-07
1.4700000000e-07
1.5000000000e-07
1.6472000000e-05
1.9700000000e-07
1.4900000000e-07
1.6600000000e-07
1.3173000000e-05
1.8500000000e-07
1.4600000000e-07
1.4600000000e-07
1.6556000000e-05
2.0900000000e-07
1.4800000000e-07
1.4300000000e-07
1.3077000000e-05
1.9900000000e-07
1.4400000000e-07
1.4500000000e-07
1.6560000000e-05
1.8500000000e-07
1.5400000000e-07
1.5100000000e-07
1.1277000000e-05
1.8400000000e-07
1.4600000000e-07
1.4900000000e-07
1.3265000000e-05
1.9700000000e-07
1.4600000000e-07
1.4700000000e-07
9.7200000000e-06
1.8700000000e-07
1.5100000000e-07
1.4800000000e-07
1.0216000000e-05
2.0100000000e-07
1.4700000000e-07
1.4600000000e-07
6.4980000000e-06
2.0700000000e-07
1.4500000000e-07
1.4500000000e-07
1.3134000000e-05
1.9700000000e-07
1.4700000000e-07
1.4200000000e-07
2.3894000000e-05
2.0700000000e-07
1.4300000000e-07
1.5400000000e-07
1.3084000000e-05
1.7400000000e-07
1.4900000000e-07
1.5800000000e-07
1.6630000000e-05
2.0500000000e-07
1.5800000000e-07
1.5600000000e-07
1.2990000000e-05
1.8500000000e-07
1.4300000000e-07
1.4600000000e-07
1.6781000000e-05
1.8700000000e-07
1.5200000000e-07
1.4600000000e-07
6.4370000000e-06
1.8400000000e-07
1.4400000000e-07
1.4500000000e-07
1.6449000000e-05
1.9100000000e-07
1.5100000000e-07
1.4800000000e-07
1.4521000000e-05
1.7600000000e-07
1.5500000000e-07
1.5600000000e-07
9.9680000000e-06
1.8300000000e-07
1.4400000000e-07
1.4500000000e-07
1.3109000000e-05
1.7200000000e-07
1.5200000000e-07
1.4900000000e-07
1.6515000000e-05
1.9000000000e-07
1.4300000000e-07
1.5700000000e-07
1.3021000000e-05
1.7400000000e-07
1.4300000000e-07
1.5200000000e-07
1.6564000000e-05
1.7500000000e-07
1.4700000000e-07
1.4800000000e-07
6.5190000000e-06
1.7800000000e-07
1.4200000000e-07
1.4900000000e-07
1.7974000000e-05
2.0900000000e-07
1.4900000000e-07
1.4600000000e-07
1.2996000000e-05
1.7900000000e-07
1.4700000000e-07
1.4400000000e-07
1.6359000000e-05
1.8700000000e-07
1.4700000000e-07
1.5800000000e-07
6.4330000000e-06
1.9700000000e-07
1.4500000000e-07
1.4800000000e-07
1.0021000000e-05
1.8400000000e-07
1.4600000000e-07
1.4600000000e-07
1.3006000000e-05
1.7600000000e-07
1.4700000000e-07
1.4600000000e-07
1.0328000000e-05
2.1400000000e-07
1.4500000000e-07
1.5400000000e-07
7.8890000000e-06
1.8400000000e-07
1.5000000000e-07
1.4300000000e-07
1.6435000000e-05
2.0700000000e-07
1.4800000000e-07
1.4400000000e-07
6.4090000000e-06
1.7400000000e-07
1.4100000000e-07
1.4500000000e-07
1.9650000000e-05
2.0700000000e-07
1.4700000000e-07
1.5400000000e-07
9.7160000000e-06
1.8200000000e-07
1.4800000000e-07
1.4800000000e-07
1.6622000000e-05
1.8700000000e-07
1.5600000000e-07
1.4500000000e-07
1.3052000000e-05
1.9100000000e-07
1.5400000000e-07
1.4600000000e-07
1.7767000000e-05
1.9500000000e-07
1.5000000000e-07
1.4500000000e-07
1.2976000000e-05
1.9000000000e-07
1.4300000000e-07
1.5100000000e-07
1.3161000000e-05
1.8800000000e-07
1.4400000000e-07
1.4300000000e-07
9.6730000000e-06
1.8400000000e-07
1.5000000000e-07
1.4300000000e-07
1.6433000000e-05
1.8000000000e-07
1.3800000000e-07
1.4700000000e-07
1.2976000000e-05
1.8400000000e-07
1.6200000000e-07
1.4700000000e-07
1.6375000000e-05
1.9300000000e-07
1.5100000000e-07
1.4900000000e-07
1.4892000000e-05
1.8700000000e-07
1.4700000000e-07
1.5000000000e-07
1.6441000000e-05
1.9300000000e-07
1.4600000000e-07
1.4700000000e-07
1.2884000000e-05
1.8100000000e-07
1.4900000000e-07
1.4800000000e-07
1.3154000000e-05
2.0900000000e-07
1.4800000000e-07
1.4700000000e-07
6.4600000000e-06
2.0300000000e-07
1.4700000000e-07
1.4800000000e-07
1.3457000000e-05
2.0300000000e-07
1.4400000000e-07
1.5100000000e-07
1.3050000000e-05
1.7400000000e-07
1.4000000000e-07
1.5100000000e-07
1.7993000000e-05
2.0100000000e-07
1.5600000000e-07
1.4300000000e-07
1.3030000000e-05
1.8200000000e-07
1.5200000000e-07
1.5100000000e-07
1.6530000000e-05
1.8900000000e-07
1.4700000000e-07
1.4000000000e-07
9.8360000000e-06
1.8500000000e-07
1.4500000000e-07
1.4400000000e-07
1.0138000000e-05
1.8400000000e-07
1.5200000000e-07
1.4900000000e-07
9.6610000000e-06
1.7400000000e-07
1.5000000000e-07
1.4700000000e-07
2.4151000000e-05
2.1300000000e-07
1.4800000000e-07
1.4700000000e-07
1.3066000000e-05
1.9200000000e-07
1.4600000000e-07
1.4100000000e-07
1.6534000000e-05
1.9300000000e-07
1.5100000000e-07
1.7500000000e-07
1.3424000000e-05
1.8700000000e-07
1.4400000000e-07
1.4300000000e-07
1.6493000000e-05
2.0300000000e-07
1.4900000000e-07
1.4600000000e-07
1.3000000000e-05
1.7300000000e-07
1.4700000000e-07
1.4000000000e-07
9.9140000000e-06
1.8500000000e-07
1.5100000000e-07
1.4600000000e-07
8.2280000000e-06
1.8200000000e-07
1.4600000000e-07
1.4500000000e-07
1.6607000000e-05
1.8400000000e-07
1.5600000000e-07
1.6000000000e-07
1.2923000000e-05
1.7400000000e-07
1.4500000000e-07
1.4900000000e-07
1.0042000000e-05
1.8400000000e-07
1.5600000000e-07
1.4700000000e-07
1.3084000000e-05
1.7700000000e-07
1.4100000000e-07
1.4600000000e-07
1.6590000000e-05
1.7600000000e-07
1.4700000000e-07
1.5000000000e-07
1.3007000000e-05
1.7800000000e-07
1.4600000000e-07
1.5800000000e-07
1.1519000000e-05
1.8700000000e-07
1.4700000000e-07
1.4400000000e-07
1.2781000000e-05
1.8000000000e-07
1.4400000000e-07
1.4700000000e-07
9.8940000000e-06
1.8600000000e-07
1.4200000000e-07
1.4800000000e-07
6.5150000000e-06
1.7800000000e-07
1.4400000000e-07
1.5100000000e-07
9.9540000000e-06
1.9100000000e-07
1.4700000000e-07
1.4400000000e-07
1.3251000000e-05
1.9300000000e-07
1.4300000000e-07
1.5600000000e-07
1.6392000000e-05
1.9600000000e-07
1.5300000000e-07
1.5800000000e-07
1.4654000000e-05
1.8000000000e-07
1.5000000000e-07
1.4300000000e-07
1.6564000000e-05
1.8000000000e-07
1.4300000000e-07
1.4800000000e-07
1.9362000000e-05
2.0500000000e-07
1.4900000000e-07
1.4800000000e-07
9.7220000000e-06
1.7800000000e-07
1.4800000000e-07
1.4800000000e-07
1.3287000000e-05
1.9300000000e-07
1.4900000000e-07
1.4800000000e-07
9.7420000000e-06
1.8100000000e-07
1.6200000000e-07
1.5100000000e-07
1.6353000000e-05
1.8800000000e-07
7.9561800000e-04
3.5500000000e-07
1.3250000000e-05
2.0700000000e-07
1.4800000000e-07
1.7400000000e-07
1.6864000000e-05
1.9700000000e-07
1.5100000000e-07
1.4400000000e-07
1.2873000000e-05
1.8500000000e-07
1.5600000000e-07
1.4300000000e-07
1.6638000000e-05
2.0100000000e-07
1.4600000000e-07
1.4700000000e-07
1.2964000000e-05
1.8200000000e-07
1.5200000000e-07
1.5000000000e-07
1.8048000000e-05
2.0300000000e-07
1.4900000000e-07
1.5400000000e-07
6.9740000000e-06
1.7800000000e-07
1.4400000000e-07
1.4600000000e-07
1.6456000000e-05
1.9500000000e-07
1.5800000000e-07
1.4700000000e-07
1.2983000000e-05
1.8200000000e-07
1.4600000000e-07
1.4700000000e-07
1.6396000000e-05
1.9400000000e-07
1.4600000000e-07
1.4700000000e-07
1.2929000000e-05
1.7300000000e-07
1.5300000000e-07
1.5000000000e-07
1.6466000000e-05
2.0100000000e-07
1.5600000000e-07
1.4300000000e-07
1.4581000000e-05
1.9200000000e-07
1.4700000000e-07
1.4800000000e-07
1.6345000000e-05
1.9900000000e-07
1.4500000000e-07
1.5200000000e-07
6.3570000000e-06
1.7800000000e-07
1.4400000000e-07
1.5600000000e-07
9.8360000000e-06
1.9300000000e-07
1.4600000000e-07
1.5300000000e-07
1.3179000000e-05
1.7200000000e-07
1.4700000000e-07
1.4600000000e-07
1.6492000000e-05
1.8500000000e-07
1.4300000000e-07
1.4400000000e-07
8.1251000000e-05
2.1300000000e-07
1.4800000000e-07
1.4800000000e-07
1.8455000000e-05
2.1300000000e-07
1.4300000000e-07
1.4600000000e-07
1.0226000000e-05
1.8800000000e-07
1.4400000000e-07
1.5500000000e-07
1.0481000000e-05
2.0900000000e-07
1.4700000000e-07
1.5400000000e-07
6.4650000000e-06
1.7900000000e-07
1.4900000000e-07
1.5000000000e-07
1.3611000000e-05
1.9200000000e-07
1.5000000000e-07
1.5100000000e-07
1.2971000000e-05
1.8800000000e-07
1.4300000000e-07
1.4700000000e-07
1.6628000000e-05
1.9500000000e-07
1.4900000000e-07
1.4600000000e-07
1.1342000000e-05
1.8600000000e-07
1.5000000000e-07
1.4900000000e-07
1.3362000000e-05
1.9100000000e-07
1.4500000000e-07
1.4600000000e-07
1.3018000000e-05
1.8600000000e-07
1.4400000000e-07
1.4700000000e-07
1.6695000000e-05
1.9000000000e-07
1.6600000000e-07
1.4400000000e-07
1.0275000000e-05
1.7800000000e-07
1.5000000000e-07
1.5000000000e-07
1.3277000000e-05
2.1300000000e-07
1.4200000000e-07
1.5300000000e-07
9.7790000000e-06
1.8600000000e-07
1.4800000000e-07
1.4500000000e-07
1.4978000000e-05
1.9500000000e-07
1.4800000000e-07
1.4500000000e-07
9.7610000000e-06
1.8000000000e-07
1.4600000000e-07
1.4300000000e-07
1.3508000000e-05
2.3000000000e-07
1.4500000000e-07
1.4400000000e-07
9.7170000000e-06
1.7600000000e-07
1.4900000000e-07
1.4400000000e-07
1.3517000000e-05
1.8400000000e-07
1.4500000000e-07
1.4800000000e-07
1.3010000000e-05
1.8500000000e-07
1.5200000000e-07
1.4200000000e-07
1.3527000000e-05
2.0500000000e-07
1.4400000000e-07
1.4900000000e-07
1.1118000000e-05
1.8200000000e-07
1.4600000000e-07
1.4900000000e-07
1.6652000000e-05
2.1300000000e-07
1.8900000000e-07
1.4100000000e-07
1.3070000000e-05
1.7600000000e-07
1.5400000000e-07
1.5000000000e-07
2.2854000000e-05
2.0100000000e-07
1.4800000000e-07
1.4700000000e-07
1.3214000000e-05
1.8900000000e-07
1.4400000000e-07
1.5000000000e-07
1.0455000000e-05
2.2400000000e-07
1.4900000000e-07
1.4600000000e-07
7.9690000000e-06
1.8400000000e-07
1.6600000000e-07
1.5200000000e-07
1.6654000000e-05
1.8900000000e-07
1.4500000000e-07
1.5000000000e-07
6.4160000000e-06
1.7200000000e-07
1.7300000000e-07
1.4900000000e-07
1.0158000000e-05
1.9300000000e-07
1.4800000000e-07
1.4900000000e-07
6.4410000000e-06
1.8300000000e-07
1.4700000000e-07
1.4600000000e-07
1.6486000000e-05
1.8700000000e-07
1.5200000000e-07
1.4700000000e-07
1.2909000000e-05
1.7800000000e-07
1.5400000000e-07
1.4900000000e-07
1.8311000000e-05
1.8800000000e-07
1.6600000000e-07
1.4500000000e-07
1.3130000000e-05
2.0500000000e-07
1.5400000000e-07
1.5100000000e-07
1.6700000000e-05
1.8300000000e-07
1.4500000000e-07
1.4600000000e-07
1.3160000000e-05
1.8900000000e-07
1.6200000000e-07
1.5300000000e-07
1.6661000000e-05
2.0300000000e-07
1.4300000000e-07
1.4400000000e-07
1.3068000000e-05
1.8100000000e-07
1.4300000000e-07
1.4400000000e-07
1.6605000000e-05
2.0300000000e-07
1.4900000000e-07
1.4300000000e-07
1.4792000000e-05
1.9000000000e-07
1.4400000000e-07
1.4300000000e-07
1.6548000000e-05
1.8700000000e-07
1.4700000000e-07
1.4600000000e-07
6.4530000000e-06
1.7400000000e-07
1.5800000000e-07
1.4800000000e-07
9.9220000000e-06
1.9400000000e-07
1.4600000000e-07
1.4900000000e-07
1.2960000000e-05
1.8400000000e-07
1.4600000000e-07
1.4800000000e-07
1.6573000000e-05
1.9900000000e-07
1.4500000000e-07
1.4400000000e-07
1.6251000000e-05
1.9100000000e-07
1.4500000000e-07
1.4800000000e-07
1.4529000000e-05
1.8900000000e-07
1.4700000000e-07
1.4200000000e-07
1.6869000000e-05
2.0700000000e-07
1.4600000000e-07
1.4700000000e-07
1.2989000000e-05
1.7400000000e-07
1.4600000000e-07
1.4800000000e-07
1.6663000000e-05
1.8900000000e-07
1.4700000000e-07
1.4600000000e-07
1.3004000000e-05
1.7000000000e-07
1.4900000000e-07
1.4800000000e-07
1.6648000000e-05
1.7900000000e-07
1.4700000000e-07
1.5000000000e-07
1.3175000000e-05
1.8400000000e-07
1.4600000000e-07
1.5600000000e-07
1.8328000000e-05
1.9700000000e-07
1.4600000000e-07
1.5900000000e-07
1.3050000000e-05
1.7600000000e-07
1.4900000000e-07
1.4600000000e-07
1.3527000000e-05
1.9300000000e-07
1.5200000000e-07
1.4600000000e-07
6.4640000000e-06
1.7600000000e-07
1.4900000000e-07
1.4800000000e-07
1.3416000000e-05
1.8600000000e-07
1.5000000000e-07
1.4700000000e-07
1.2982000000e-05
1.8400000000e-07
1.4200000000e-07
1.4900000000e-07
1.6698000000e-05
2.3300000000e-07
1.4800000000e-07
1.4800000000e-07
1.1199000000e-05
1.8200000000e-07
1.4600000000e-07
1.4400000000e-07
1.0097000000e-05
1.8700000000e-07
1.4500000000e-07
1.4600000000e-07
9.7010000000e-06
1.7400000000e-07
1.4600000000e-07
1.4700000000e-07
1.6875000000e-05
1.9100000000e-07
1.4900000000e-07
1.4700000000e-07
9.7940000000e-06
1.8200000000e-07
1.4800000000e-07
1.4700000000e-07
1.3377000000e-05
1.9300000000e-07
1.4900000000e-07
1.4500000000e-07
1.3015000000e-05
1.8900000000e-07
1.4500000000e-07
1.5000000000e-07
1.8142000000e-05
1.9900000000e-07
1.4900000000e-07
1.4500000000e-07
1.5405000000e-05
1.8800000000e-07
1.4800000000e-07
1.4900000000e-07
1.6339000000e-05
1.9700000000e-07
1.5200000000e-07
1.5500000000e-07
1.3106000000e-05
1.8600000000e-07
1.4800000000e-07
1.5400000000e-07
1.0277000000e-05
1.9600000000e-07
1.4700000000e-07
1.5000000000e-07
6.4590000000e-06
1.7400000000e-07
1.5800000000e-07
1.4600000000e-07
1.8091000000e-05
1.9800000000e-07
1.4500000000e-07
1.4800000000e-07
6.4650000000e-06
1.8500000000e-07
1.5700000000e-07
1.4800000000e-07
1.0197000000e-05
1.9300000000e-07
1.4700000000e-07
1.5000000000e-07
1.3107000000e-05
2.1700000000e-07
1.4600000000e-07
1.4600000000e-07
1.6503000000e-05
1.9500000000e-07
1.4200000000e-07
1.4700000000e-07
1.3335000000e-05
1.8000000000e-07
1.5000000000e-07
1.4700000000e-07
1.6659000000e-05
1.9900000000e-07
1.4700000000e-07
1.4600000000e-07
1.4499000000e-05
1.8000000000e-07
1.4800000000e-07
1.4900000000e-07
1.6661000000e-05
1.9300000000e-07
1.7400000000e-07
1.4500000000e-07
1.3147000000e-05
1.9200000000e-07
1.4600000000e-07
1.5400000000e-07
1.6584000000e-05
1.8700000000e-07
1.4600000000e-07
1.4900000000e-07
1.3148000000e-05
1.8700000000e-07
1.4900000000e-07
1.5500000000e-07
1.0021000000e-05
1.8700000000e-07
1.4500000000e-07
1.4800000000e-07
6.5100000000e-06
1.8200000000e-07
1.4600000000e-07
1.4500000000e-07
1.8208000000e-05
2.1100000000e-07
1.4400000000e-07
1.4500000000e-07
1.3030000000e-05
1.7800000000e-07
1.5000000000e-07
1.5100000000e-07
1.6632000000e-05
2.1100000000e-07
1.4600000000e-07
1.5000000000e-07
1.3092000000e-05
1.8300000000e-07
1.5300000000e-07
1.4800000000e-07
1.6445000000e-05
1.9200000000e-07
1.4400000000e-07
1.4500000000e-07
1.3073000000e-05
1.8200000000e-07
1.5200000000e-07
1.4900000000e-07
2.2786000000e-05
2.0600000000e-07
1.4600000000e-07
1.5000000000e-07
1.4908000000e-05
2.0700000000e-07
1.4600000000e-07
1.4700000000e-07
1.6718000000e-05
1.9500000000e-07
1.5000000000e-07
1.4700000000e-07
1.2999000000e-05
1.6800000000e-07
1.4600000000e-07
1.5100000000e-07
1.6620000000e-05
1.9300000000e-07
1.4700000000e-07
1.4400000000e-07
1.2935000000e-05
1.9300000000e-07
1.6200000000e-07
1.4900000000e-07
1.6745000000e-05
1.8700000000e-07
1.5300000000e-07
1.4800000000e-07
1.2896000000e-05
1.7800000000e-07
1.4400000000e-07
1.5000000000e-07
1.4879000000e-05
1.9100000000e-07
1.4600000000e-07
1.8400000000e-07
9.6930000000e-06
1.7000000000e-07
1.5600000000e-07
1.3800000000e-07
1.3277000000e-05
1.9700000000e-07
1.4600000000e-07
1.4600000000e-07
9.7400000000e-06
1.7600000000e-07
1.5700000000e-07
1.4800000000e-07
1.6685000000e-05
1.7900000000e-07
1.4500000000e-07
1.4600000000e-07
1.0070000000e-05
1.7800000000e-07
8.0424900000e-04
3.5500000000e-07
1.7043000000e-05
2.0100000000e-07
1.5700000000e-07
1.4800000000e-07
1.4525000000e-05
1.9700000000e-07
1.4600000000e-07
1.4900000000e-07
1.7128000000e-05
1.9300000000e-07
1.4600000000e-07
1.4900000000e-07
1.3107000000e-05
1.7800000000e-07
1.5100000000e-07
1.5400000000e-07
1.0035000000e-05
1.9400000000e-07
1.5600000000e-07
1.4500000000e-07
1.3012000000e-05
1.7800000000e-07
1.4500000000e-07
1.4600000000e-07
1.7929000000e-05
2.0100000000e-07
1.4700000000e-07
1.4400000000e-07
1.3113000000e-05
1.7800000000e-07
1.4800000000e-07
1.4500000000e-07
1.6662000000e-05
2.0100000000e-07
1.4800000000e-07
1.4300000000e-07
2.2633000000e-05
2.2900000000e-07
1.4800000000e-07
1.4700000000e-07
1.3121000000e-05
1.8700000000e-07
1.5700000000e-07
1.4400000000e-07
1.6581000000e-05
2.1500000000e-07
1.4400000000e-07
1.4900000000e-07
1.3076000000e-05
1.9400000000e-07
1.6000000000e-07
1.4800000000e-07
1.8025000000e-05
1.9800000000e-07
1.4600000000e-07
1.4900000000e-07
1.2929000000e-05
1.7800000000e-07
1.4900000000e-07
1.4400000000e-07
1.6701000000e-05
1.9800000000e-07
1.4600000000e-07
1.4700000000e-07
1.3056000000e-05
1.6900000000e-07
1.4600000000e-07
1.4400000000e-07
1.6566000000e-05
1.9300000000e-07
1.4700000000e-07
1.5400000000e-07
1.3345000000e-05
1.9300000000e-07
1.5000000000e-07
1.5100000000e-07
1.6890000000e-05
2.0100000000e-07
1.4800000000e-07
1.5100000000e-07
1.4532000000e-05
1.7600000000e-07
1.5800000000e-07
1.5000000000e-07
1.6646000000e-05
2.2300000000e-07
1.5600000000e-07
1.4800000000e-07
1.3054000000e-05
1.8900000000e-07
1.4700000000e-07
1.4800000000e-07
1.6451000000e-05
2.0000000000e-07
1.4400000000e-07
1.5400000000e-07
9.9080000000e-06
1.7800000000e-07
1.5200000000e-07
1.4500000000e-07
1.3168000000e-05
2.1100000000e-07
1.5400000000e-07
1.4400000000e-07
1.2893000000e-05
1.8400000000e-07
1.6200000000e-07
1.5400000000e-07
1.4804000000e-05
1.8800000000e-07
1.4200000000e-07
1.4300000000e-07
9.7890000000e-06
1.9900000000e-07
1.4900000000e-07
1.4800000000e-07
1.3245000000e-05
2.0700000000e-07
1.5100000000e-07
1.4600000000e-07
9.7690000000e-06
1.9600000000e-07
1.5100000000e-07
1.4600000000e-07
1.6467000000e-05
1.9600000000e-07
1.4600000000e-07
1.5000000000e-07
1.2856000000e-05
1.8200000000e-07
1.4800000000e-07
1.4900000000e-07
2.4580000000e-05
2.0700000000e-07
1.5000000000e-07
1.5200000000e-07
1.3316000000e-05
1.9500000000e-07
1.4400000000e-07
1.5200000000e-07
9.9740000000e-06
1.9300000000e-07
1.5400000000e-07
1.4500000000e-07
6.6030000000e-06
1.8000000000e-07
1.4600000000e-07
1.4600000000e-07
1.6388000000e-05
2.0100000000e-07
1.5700000000e-07
1.5400000000e-07
1.2956000000e-05
1.9300000000e-07
1.5500000000e-07
1.6600000000e-07
1.0117000000e-05
1.9400000000e-07
1.4800000000e-07
1.4800000000e-07
1.4477000000e-05
1.7800000000e-07
1.4800000000e-07
1.4700000000e-07
9.8980000000e-06
1.9300000000e-07
1.5000000000e-07
1.5100000000e-07
6.3670000000e-06
1.8200000000e-07
1.4400000000e-07
1.5100000000e-07
9.9370000000e-06
1.9100000000e-07
1.4800000000e-07
1.4700000000e-07
1.2927000000e-05
1.7800000000e-07
1.4600000000e-07
1.5300000000e-07
1.6592000000e-05
1.9900000000e-07
1.4600000000e-07
1.4600000000e-07
1.3093000000e-05
1.9000000000e-07
1.4400000000e-07
1.4500000000e-07
1.8245000000e-05
2.0300000000e-07
1.5200000000e-07
1.4900000000e-07
6.4620000000e-06
1.8000000000e-07
1.5200000000e-07
1.4700000000e-07
1.6749000000e-05
2.0500000000e-07
1.5400000000e-07
1.4800000000e-07
1.3082000000e-05
1.7400000000e-07
1.5200000000e-07
1.4200000000e-07
1.6549000000e-05
2.0300000000e-07
1.4300000000e-07
1.5200000000e-07
1.2972000000e-05
1.8600000000e-07
1.5200000000e-07
1.4600000000e-07
1.0018000000e-05
1.9000000000e-07
1.4200000000e-07
1.4700000000e-07
1.4417000000e-05
1.8900000000e-07
1.4300000000e-07
1.4600000000e-07
1.0244000000e-05
2.1400000000e-07
1.4500000000e-07
1.4800000000e-07
1.2949000000e-05
1.7800000000e-07
1.4800000000e-07
1.4900000000e-07
2.2814000000e-05
2.0700000000e-07
1.4800000000e-07
1.4700000000e-07
9.6970000000e-06
1.8200000000e-07
1.4400000000e-07
1.4700000000e-07
1.3427000000e-05
2.1100000000e-07
1.4600000000e-07
1.4700000000e-07
9.7320000000e-06
1.8400000000e-07
1.5000000000e-07
1.4700000000e-07
1.4860000000e-05
2.2700000000e-07
1.4600000000e-07
1.4800000000e-07
1.2915000000e-05
1.7600000000e-07
1.4400000000e-07
1.4900000000e-07
1.6509000000e-05
1.8800000000e-07
1.4400000000e-07
1.4500000000e-07
9.6560000000e-06
1.9400000000e-07
1.4400000000e-07
1.4300000000e-07
1.0234000000e-05
2.0700000000e-07
1.4700000000e-07
1.5000000000e-07
9.7030000000e-06
1.8000000000e-07
1.4500000000e-07
1.6200000000e-07
1.6730000000e-05
1.9800000000e-07
1.4400000000e-07
1.5000000000e-07
1.4709000000e-05
1.7800000000e-07
1.4100000000e-07
1.5000000000e-07
1.6574000000e-05
2.0700000000e-07
1.4700000000e-07
1.5200000000e-07
9.7670000000e-06
1.8300000000e-07
1.5500000000e-07
1.4600000000e-07
1.3220000000e-05
1.9300000000e-07
1.4300000000e-07
1.5400000000e-07
9.7890000000e-06
1.7600000000e-07
1.5000000000e-07
1.4300000000e-07
1.3208000000e-05
1.9300000000e-07
1.4900000000e-07
1.4900000000e-07
9.6560000000e-06
1.7500000000e-07
1.4300000000e-07
1.4300000000e-07
1.4780000000e-05
2.1700000000e-07
1.4600000000e-07
1.7000000000e-07
9.6600000000e-06
1.8200000000e-07
1.4900000000e-07
1.5700000000e-07
1.3185000000e-05
2.1700000000e-07
1.5500000000e-07
1.4600000000e-07
1.3068000000e-05
1.7400000000e-07
1.5100000000e-07
1.5000000000e-07
1.6486000000e-05
1.8300000000e-07
1.5000000000e-07
1.5800000000e-07
2.2673000000e-05
2.4600000000e-07
1.7400000000e-07
1.6000000000e-07
1.4575000000e-05
1.9100000000e-07
1.4500000000e-07
1.4800000000e-07
1.6631000000e-05
1.9000000000e-07
1.4400000000e-07
1.5800000000e-07
1.2973000000e-05
1.8000000000e-07
1.5100000000e-07
1.4800000000e-07
1.6415000000e-05
1.9200000000e-07
1.4500000000e-07
1.4600000000e-07
1.2992000000e-05
2.0700000000e-07
1.5600000000e-07
1.5600000000e-07
1.6580000000e-05
1.9900000000e-07
1.4600000000e-07
1.4400000000e-07
1.2943000000e-05
1.8700000000e-07
1.4500000000e-07
1.4800000000e-07
1.7982000000e-05
2.1500000000e-07
1.4700000000e-07
1.5000000000e-07
1.3035000000e-05
1.8700000000e-07
1.4900000000e-07
1.5000000000e-07
1.6409000000e-05
2.1500000000e-07
1.5200000000e-07
1.5600000000e-07
1.3022000000e-05
1.7800000000e-07
1.4600000000e-07
1.4300000000e-07
1.6474000000e-05
1.9100000000e-07
1.4700000000e-07
1.4600000000e-07
6.4630000000e-06
1.7600000000e-07
1.5600000000e-07
1.4200000000e-07
1.6368000000e-05
1.8600000000e-07
1.4600000000e-07
1.4500000000e-07
1.4556000000e-05
2.0800000000e-07
1.4900000000e-07
1.4600000000e-07
1.6750000000e-05
1.9600000000e-07
1.4400000000e-07
1.4500000000e-07
1.3038000000e-05
1.8000000000e-07
1.4800000000e-07
1.4300000000e-07
1.6409000000e-05
1.8800000000e-07
1.5100000000e-07
1.4800000000e-07
1.3017000000e-05
2.1100000000e-07
1.4700000000e-07
1.4200000000e-07
9.8420000000e-06
2.0300000000e-07
1.4300000000e-07
1.5000000000e-07
1.2970000000e-05
1.7600000000e-07
1.4600000000e-07
1.5300000000e-07
1.1466000000e-05
1.9500000000e-07
1.5800000000e-07
1.5200000000e-07
6.4600000000e-06
1.8200000000e-07
1.4500000000e-07
1.5200000000e-07
2.2570000000e-05
2.1500000000e-07
1.6800000000e-07
1.5200000000e-07
1.2947000000e-05
1.8400000000e-07
1.5000000000e-07
1.4400000000e-07
1.3220000000e-05
1.9400000000e-07
1.4600000000e-07
1.4600000000e-07
6.5880000000e-06
2.1700000000e-07
1.4600000000e-07
1.4300000000e-07
1.3175000000e-05
2.0100000000e-07
1.5600000000e-07
1.4700000000e-07
1.4548000000e-05
1.7600000000e-07
1.6000000000e-07
1.4700000000e-07
1.6380000000e-05
1.9900000000e-07
1.4600000000e-07
1.6800000000e-07
1.3019000000e-05
1.7600000000e-07
1.4400000000e-07
1.4500000000e-07
1.3501000000e-05
2.0300000000e-07
1.4700000000e-07
1.5000000000e-07
6.5580000000e-06
1.8200000000e-07
1.4200000000e-07
1.5400000000e-07
1.0067000000e-05
1.8400000000e-07
1.4100000000e-07
1.4500000000e-07
9.6400000000e-06
1.7600000000e-07
1.4400000000e-07
1.4500000000e-07
1.8161000000e-05
1.9300000000e-07
1.4500000000e-07
1.4200000000e-07
9.6990000000e-06
1.7800000000e-07
1.5600000000e-07
1.5400000000e-07
1.3363000000e-05
2.6300000000e-07
1.4500000000e-07
1.4400000000e-07
1.3009000000e-05
1.7400000000e-07
1.5000000000e-07
1.5700000000e-07
1.3217000000e-05
1.7900000000e-07
1.4600000000e-07
1.5500000000e-07
6.4900000000e-06
1.8200000000e-07
1.4400000000e-07
1.5100000000e-07
1.3128000000e-05
1.8600000000e-07
1.5600000000e-07
1.4800000000e-07
1.4791000000e-05
1.9000000000e-07
1.5600000000e-07
1.5400000000e-07
1.3154000000e-05
2.0500000000e-07
1.4700000000e-07
1.6300000000e-07
6.4410000000e-06
1.7300000000e-07
1.5100000000e-07
1.4800000000e-07
1.0068000000e-05
1.9300000000e-07
1.4900000000e-07
1.6200000000e-07
9.6570000000e-06
1.8400000000e-07
8.3740100000e-04
3.5200000000e-07
2.1559000000e-05
2.2700000000e-07
1.4400000000e-07
1.4500000000e-07
9.8330000000e-06
2.0900000000e-07
1.4800000000e-07
1.4500000000e-07
1.6948000000e-05
1.9400000000e-07
1.4800000000e-07
1.6800000000e-07
1.3040000000e-05
1.8200000000e-07
1.4800000000e-07
1.4300000000e-07
1.3067000000e-05
1.8600000000e-07
1.4800000000e-07
1.4700000000e-07
9.8790000000e-06
1.8100000000e-07
1.4300000000e-07
1.5000000000e-07
1.6543000000e-05
1.9400000000e-07
1.4600000000e-07
1.6800000000e-07
1.4685000000e-05
1.8000000000e-07
1.4600000000e-07
1.5100000000e-07
1.6464000000e-05
1.9000000000e-07
1.5600000000e-07
1.4400000000e-07
1.3018000000e-05
1.7600000000e-07
1.5800000000e-07
1.6000000000e-07
1.6435000000e-05
1.9900000000e-07
1.4300000000e-07
1.5400000000e-07
1.3167000000e-05
1.7600000000e-07
1.5000000000e-07
1.4700000000e-07
1.3136000000e-05
1.9500000000e-07
1.4600000000e-07
1.4900000000e-07
9.8000000000e-06
1.9100000000e-07
1.5100000000e-07
1.4400000000e-07
1.8242000000e-05
1.9900000000e-07
1.5800000000e-07
1.4600000000e-07
1.3115000000e-05
1.8100000000e-07
1.5600000000e-07
1.4800000000e-07
1.3136000000e-05
1.9100000000e-07
1.4900000000e-07
1.5000000000e-07
6.4630000000e-06
1.7400000000e-07
1.4500000000e-07
1.4800000000e-07
1.3183000000e-05
1.9200000000e-07
1.6000000000e-07
1.5000000000e-07
9.8080000000e-06
1.8000000000e-07
1.4800000000e-07
1.4600000000e-07
1.3281000000e-05
1.9100000000e-07
1.4300000000e-07
1.4800000000e-07
1.4791000000e-05
1.8400000000e-07
1.5000000000e-07
1.5100000000e-07
1.6329000000e-05
1.9300000000e-07
1.4800000000e-07
1.4500000000e-07
2.2421000000e-05
1.9600000000e-07
1.4400000000e-07
1.4800000000e-07
6.4920000000e-06
2.0700000000e-07
1.5800000000e-07
1.5400000000e-07
1.6499000000e-05
1.9100000000e-07
1.4600000000e-07
1.6300000000e-07
6.5280000000e-06
1.8200000000e-07
1.4700000000e-07
1.4800000000e-07
1.7989000000e-05
1.8600000000e-07
1.4600000000e-07
1.4500000000e-07
1.3132000000e-05
1.9500000000e-07
1.4600000000e-07
1.5100000000e-07
1.6405000000e-05
2.0300000000e-07
1.4800000000e-07
1.4800000000e-07
1.3367000000e-05
1.7400000000e-07
1.6000000000e-07
1.4800000000e-07
1.6400000000e-05
1.8000000000e-07
1.4600000000e-07
1.4700000000e-07
1.3021000000e-05
1.8700000000e-07
1.5200000000e-07
1.5100000000e-07
1.6493000000e-05
1.8900000000e-07
1.5700000000e-07
1.4800000000e-07
8.1600000000e-06
1.7800000000e-07
1.4500000000e-07
1.5000000000e-07
9.8790000000e-06
2.0100000000e-07
1.4600000000e-07
1.5000000000e-07
6.5200000000e-06
1.8000000000e-07
1.4100000000e-07
1.4800000000e-07
1.6628000000e-05
2.1100000000e-07
1.5600000000e-07
1.4400000000e-07
1.3025000000e-05
1.7600000000e-07
1.4800000000e-07
1.4800000000e-07
1.0031000000e-05
1.9500000000e-07
1.4500000000e-07
1.4400000000e-07
1.3175000000e-05
1.7400000000e-07
1.6200000000e-07
1.4800000000e-07
1.1398000000e-05
1.9300000000e-07
1.5400000000e-07
1.4400000000e-07
1.2996000000e-05
1.8200000000e-07
1.4700000000e-07
1.5000000000e-07
1.6542000000e-05
1.8900000000e-07
1.4900000000e-07
1.6400000000e-07
1.2906000000e-05
1.8000000000e-07
1.4900000000e-07
1.4700000000e-07
1.6288000000e-05
1.9500000000e-07
1.6200000000e-07
1.4500000000e-07
1.3394000000e-05
1.7900000000e-07
1.4700000000e-07
1.4400000000e-07
2.2771000000e-05
2.1100000000e-07
1.5500000000e-07
1.4600000000e-07
1.1478000000e-05
1.8000000000e-07
1.5200000000e-07
1.5800000000e-07
1.0045000000e-05
