isend N: 3200
isend totaltime: 2.2561581500e-01
isend avg: 7.0504942187e-05
isend std-dev: 3.4160852086e-05
----
1.2412600000e-04
9.1698000000e-05
8.5055000000e-05
8.4028000000e-05
8.3038000000e-05
8.3305000000e-05
8.2661000000e-05
8.1821000000e-05
8.2895000000e-05
8.2878000000e-05
8.2165000000e-05
8.1075000000e-05
8.1703000000e-05
8.1852000000e-05
8.1432000000e-05
8.0618000000e-05
8.1362000000e-05
8.6993000000e-05
8.2129000000e-05
8.1284000000e-05
8.1012000000e-05
8.0931000000e-05
8.0589000000e-05
8.2159000000e-05
8.0936000000e-05
8.1013000000e-05
8.3176000000e-05
8.1570000000e-05
8.0756000000e-05
8.0803000000e-05
8.0881000000e-05
8.0936000000e-05
8.0891000000e-05
8.0368000000e-05
8.0904000000e-05
8.0130000000e-05
8.0610000000e-05
8.0460000000e-05
8.1011000000e-05
8.2424000000e-05
8.7658000000e-05
8.0776000000e-05
8.0258000000e-05
8.1008000000e-05
8.0747000000e-05
8.1413000000e-05
8.0927000000e-05
8.1625000000e-05
8.0811000000e-05
8.1325000000e-05
8.0235000000e-05
8.1053000000e-05
8.0446000000e-05
8.0896000000e-05
8.0848000000e-05
8.0452000000e-05
8.0741000000e-05
8.0167000000e-05
9.2838000000e-05
8.0176000000e-05
7.9881000000e-05
8.0844000000e-05
7.9549000000e-05
8.3992000000e-05
8.0139000000e-05
8.1142000000e-05
8.0237000000e-05
7.9171000000e-05
8.0294000000e-05
7.9942000000e-05
8.0598000000e-05
7.9780000000e-05
7.9827000000e-05
7.9787000000e-05
8.0118000000e-05
8.0177000000e-05
8.0284000000e-05
8.1172000000e-05
8.0268000000e-05
8.0233000000e-05
7.9986000000e-05
8.0167000000e-05
8.0485000000e-05
8.0600000000e-05
8.0345000000e-05
8.0538000000e-05
8.1315000000e-05
9.4451000000e-05
8.0767000000e-05
7.9532000000e-05
7.9936000000e-05
7.9559000000e-05
8.7418000000e-05
8.1069000000e-05
8.0176000000e-05
7.9755000000e-05
7.9350000000e-05
7.9235000000e-05
8.1020000000e-05
8.0241000000e-05
7.9730000000e-05
7.9778000000e-05
7.9471000000e-05
7.9651000000e-05
7.9501000000e-05
7.9950000000e-05
7.9241000000e-05
7.9893000000e-05
7.9477000000e-05
7.9778000000e-05
7.9610000000e-05
8.0186000000e-05
7.9753000000e-05
8.0688000000e-05
7.9875000000e-05
7.9137000000e-05
7.9856000000e-05
7.9843000000e-05
7.9280000000e-05
8.0149000000e-05
8.0245000000e-05
7.9585000000e-05
7.9696000000e-05
8.1145000000e-05
2.6877800000e-04
8.0571000000e-05
8.0436000000e-05
7.9737000000e-05
7.9282000000e-05
7.9563000000e-05
7.9620000000e-05
7.9190000000e-05
8.4892000000e-05
8.8008000000e-05
8.7978000000e-05
8.5602000000e-05
8.3780000000e-05
8.1379000000e-05
1.0048500000e-04
8.1473000000e-05
8.1664000000e-05
8.0526000000e-05
8.0489000000e-05
9.3672000000e-05
8.1858000000e-05
8.3075000000e-05
8.0962000000e-05
8.1409000000e-05
8.2423000000e-05
8.1596000000e-05
8.1379000000e-05
8.1162000000e-05
8.1924000000e-05
8.1219000000e-05
8.1258000000e-05
8.0781000000e-05
8.1542000000e-05
8.1082000000e-05
8.1000000000e-05
8.1350000000e-05
8.1108000000e-05
8.1551000000e-05
8.0846000000e-05
8.2267000000e-05
8.1425000000e-05
8.0350000000e-05
8.1350000000e-05
8.1066000000e-05
8.0942000000e-05
7.9903000000e-05
7.9912000000e-05
8.0442000000e-05
8.0203000000e-05
8.0838000000e-05
8.0194000000e-05
8.1651000000e-05
7.9950000000e-05
7.9864000000e-05
7.9690000000e-05
8.1127000000e-05
8.5561000000e-05
8.0854000000e-05
7.9321000000e-05
7.9502000000e-05
8.0395000000e-05
7.9341000000e-05
7.9776000000e-05
8.0629000000e-05
7.9629000000e-05
7.9232000000e-05
7.9130000000e-05
7.9522000000e-05
7.9036000000e-05
7.9799000000e-05
7.9858000000e-05
7.8952000000e-05
7.9019000000e-05
8.0110000000e-05
7.9694000000e-05
7.9057000000e-05
7.9749000000e-05
7.8985000000e-05
7.9278000000e-05
7.9364000000e-05
7.9262000000e-05
7.9403000000e-05
7.9178000000e-05
7.9302000000e-05
7.8954000000e-05
7.9582000000e-05
7.9128000000e-05
7.9077000000e-05
7.9038000000e-05
8.0027000000e-05
7.9567000000e-05
7.9879000000e-05
8.0291000000e-05
7.9916000000e-05
7.9413000000e-05
7.9688000000e-05
7.9358000000e-05
7.9528000000e-05
7.9630000000e-05
7.9403000000e-05
7.9307000000e-05
7.9642000000e-05
7.9653000000e-05
7.9587000000e-05
7.9339000000e-05
7.9444000000e-05
7.9782000000e-05
7.9772000000e-05
7.9964000000e-05
7.9030000000e-05
7.8889000000e-05
7.9085000000e-05
7.9344000000e-05
7.9985000000e-05
7.9784000000e-05
8.0520000000e-05
7.8846000000e-05
7.9325000000e-05
7.9483000000e-05
8.0702000000e-05
8.0119000000e-05
7.8844000000e-05
8.5588000000e-05
7.9970000000e-05
8.0059000000e-05
8.0587000000e-05
7.8886000000e-05
7.9286000000e-05
8.0107000000e-05
7.9235000000e-05
7.9436000000e-05
8.0247000000e-05
7.8925000000e-05
7.9552000000e-05
7.9673000000e-05
7.8748000000e-05
7.9463000000e-05
7.9121000000e-05
8.5295000000e-05
6.4351000000e-05
6.2353000000e-05
6.3713000000e-05
6.3935000000e-05
6.2806000000e-05
6.2993000000e-05
6.1859000000e-05
6.2402000000e-05
6.2125000000e-05
6.2974000000e-05
6.2473000000e-05
6.2265000000e-05
6.2781000000e-05
6.2088000000e-05
6.2421000000e-05
6.2869000000e-05
6.2533000000e-05
6.2658000000e-05
6.2564000000e-05
6.3341000000e-05
6.2174000000e-05
6.2156000000e-05
6.2903000000e-05
6.2189000000e-05
7.3110000000e-05
6.4821000000e-05
6.2177000000e-05
6.1929000000e-05
6.2865000000e-05
6.2321000000e-05
6.1780000000e-05
6.2115000000e-05
6.1984000000e-05
6.2265000000e-05
6.2790000000e-05
6.2442000000e-05
6.2157000000e-05
6.2195000000e-05
6.2439000000e-05
6.1992000000e-05
6.2539000000e-05
6.2207000000e-05
6.2379000000e-05
6.2956000000e-05
6.1580000000e-05
6.2229000000e-05
6.1902000000e-05
6.2355000000e-05
6.1851000000e-05
6.2611000000e-05
6.2448000000e-05
6.1880000000e-05
6.2808000000e-05
6.1752000000e-05
6.1842000000e-05
6.2505000000e-05
6.3503000000e-05
6.1480000000e-05
6.2252000000e-05
6.2308000000e-05
6.1751000000e-05
6.1742000000e-05
6.2107000000e-05
6.2208000000e-05
6.2573000000e-05
6.2406000000e-05
6.1793000000e-05
6.3031000000e-05
6.2345000000e-05
6.2373000000e-05
6.2517000000e-05
6.2148000000e-05
6.2359000000e-05
6.2040000000e-05
6.2626000000e-05
6.1873000000e-05
6.2379000000e-05
6.1676000000e-05
7.7001000000e-05
6.2594000000e-05
6.3787000000e-05
6.1570000000e-05
6.1718000000e-05
6.1845000000e-05
6.1625000000e-05
6.2834000000e-05
6.1756000000e-05
6.1640000000e-05
6.1818000000e-05
6.1841000000e-05
6.1961000000e-05
6.2496000000e-05
6.1337000000e-05
6.3206000000e-05
6.1116000000e-05
6.1503000000e-05
6.2122000000e-05
6.2123000000e-05
6.1793000000e-05
6.2160000000e-05
6.2806000000e-05
6.1664000000e-05
6.1873000000e-05
6.2433000000e-05
6.2206000000e-05
6.2015000000e-05
6.3083000000e-05
6.2480000000e-05
6.1732000000e-05
6.2517000000e-05
6.1201000000e-05
6.2421000000e-05
6.3028000000e-05
6.2632000000e-05
6.2644000000e-05
6.1457000000e-05
6.2675000000e-05
6.1756000000e-05
6.2900000000e-05
6.2204000000e-05
6.2390000000e-05
6.2277000000e-05
6.1590000000e-05
6.1934000000e-05
6.1757000000e-05
6.2869000000e-05
6.2248000000e-05
6.1764000000e-05
6.3142000000e-05
6.1567000000e-05
6.4423000000e-05
6.2318000000e-05
6.1812000000e-05
6.2488000000e-05
6.1118000000e-05
6.2583000000e-05
6.1540000000e-05
6.1950000000e-05
6.2646000000e-05
6.1743000000e-05
6.2216000000e-05
6.2069000000e-05
6.2466000000e-05
6.1876000000e-05
6.1935000000e-05
6.1898000000e-05
6.2597000000e-05
6.2163000000e-05
6.1566000000e-05
6.1736000000e-05
6.1737000000e-05
6.2599000000e-05
6.1829000000e-05
6.2015000000e-05
6.1839000000e-05
6.2124000000e-05
6.2019000000e-05
6.1246000000e-05
6.2489000000e-05
7.5274000000e-05
6.3400000000e-05
6.1986000000e-05
6.2134000000e-05
6.2513000000e-05
6.1548000000e-05
6.1465000000e-05
6.2055000000e-05
7.3317000000e-05
6.3505000000e-05
6.2142000000e-05
6.2150000000e-05
1.3829900000e-04
6.4089000000e-05
6.3562000000e-05
6.3089000000e-05
7.8604000000e-05
6.2677000000e-05
6.2976000000e-05
6.2351000000e-05
7.6366000000e-05
6.4230000000e-05
6.3202000000e-05
6.3199000000e-05
7.8176000000e-05
6.2740000000e-05
6.4002000000e-05
6.2709000000e-05
7.6036000000e-05
6.3219000000e-05
6.2581000000e-05
6.2978000000e-05
7.3061000000e-05
6.4943000000e-05
6.5115000000e-05
6.4929000000e-05
7.6962000000e-05
6.5152000000e-05
6.5556000000e-05
6.4435000000e-05
7.8813000000e-05
6.4179000000e-05
6.2882000000e-05
6.3423000000e-05
8.2838000000e-05
6.3017000000e-05
6.3398000000e-05
6.2851000000e-05
7.9064000000e-05
6.3587000000e-05
6.3312000000e-05
6.3148000000e-05
7.6193000000e-05
6.3197000000e-05
6.3449000000e-05
6.2857000000e-05
7.7397000000e-05
6.2777000000e-05
6.2574000000e-05
6.3525000000e-05
8.3323000000e-05
6.3060000000e-05
6.2087000000e-05
6.2711000000e-05
7.8573000000e-05
6.2940000000e-05
6.3597000000e-05
6.2582000000e-05
8.2475000000e-05
6.3716000000e-05
6.3210000000e-05
6.3071000000e-05
7.8545000000e-05
6.4400000000e-05
6.3009000000e-05
6.2368000000e-05
8.3115000000e-05
6.3627000000e-05
6.2628000000e-05
6.2905000000e-05
7.0970000000e-05
6.2530000000e-05
6.2781000000e-05
6.2892000000e-05
8.1276000000e-05
6.3816000000e-05
6.1740000000e-05
6.2202000000e-05
7.2018000000e-05
6.2730000000e-05
6.2257000000e-05
6.2662000000e-05
8.1962000000e-05
6.3013000000e-05
6.2757000000e-05
6.2605000000e-05
7.7821000000e-05
6.3128000000e-05
6.3332000000e-05
6.5445000000e-05
8.4110000000e-05
6.5673000000e-05
6.5738000000e-05
6.6140000000e-05
8.0954000000e-05
6.5359000000e-05
6.5517000000e-05
6.5110000000e-05
8.7737000000e-05
6.5579000000e-05
6.5164000000e-05
6.4759000000e-05
7.4577000000e-05
6.3476000000e-05
6.2892000000e-05
6.3101000000e-05
8.1194000000e-05
6.3337000000e-05
6.3720000000e-05
6.3130000000e-05
7.5479000000e-05
6.3880000000e-05
6.3355000000e-05
6.3158000000e-05
8.1255000000e-05
6.3915000000e-05
6.3497000000e-05
6.3460000000e-05
8.1985000000e-05
6.7162000000e-05
6.3410000000e-05
6.2425000000e-05
7.8869000000e-05
6.3229000000e-05
6.2898000000e-05
6.2449000000e-05
7.3597000000e-05
6.3615000000e-05
6.2091000000e-05
6.2191000000e-05
8.1475000000e-05
6.2802000000e-05
6.2503000000e-05
6.2499000000e-05
7.8653000000e-05
6.2536000000e-05
6.1923000000e-05
6.2302000000e-05
8.4956000000e-05
6.3622000000e-05
6.3118000000e-05
6.3077000000e-05
7.4612000000e-05
6.3972000000e-05
6.3035000000e-05
6.2619000000e-05
7.8597000000e-05
6.2824000000e-05
6.2484000000e-05
6.2316000000e-05
7.7140000000e-05
6.2859000000e-05
6.2425000000e-05
6.3136000000e-05
8.1843000000e-05
6.5513000000e-05
6.5515000000e-05
6.4865000000e-05
7.6040000000e-05
6.4368000000e-05
6.4537000000e-05
6.5312000000e-05
7.7137000000e-05
6.3089000000e-05
6.2482000000e-05
6.2786000000e-05
7.4651000000e-05
6.2957000000e-05
6.2861000000e-05
6.2435000000e-05
8.6397000000e-05
6.5102000000e-05
6.4955000000e-05
6.4408000000e-05
7.9760000000e-05
6.4520000000e-05
6.4308000000e-05
6.4464000000e-05
8.3002000000e-05
6.4614000000e-05
6.5415000000e-05
6.3972000000e-05
7.6628000000e-05
6.5025000000e-05
6.4376000000e-05
6.4466000000e-05
7.6717000000e-05
6.5872000000e-05
6.3892000000e-05
6.4679000000e-05
8.2256000000e-05
6.4957000000e-05
6.4255000000e-05
6.4388000000e-05
8.1917000000e-05
6.4214000000e-05
6.3944000000e-05
6.4571000000e-05
8.3029000000e-05
6.4287000000e-05
6.4441000000e-05
6.4967000000e-05
7.2384000000e-05
6.4292000000e-05
6.4398000000e-05
6.3813000000e-05
8.2231000000e-05
6.3716000000e-05
6.3657000000e-05
6.3816000000e-05
7.8830000000e-05
6.3736000000e-05
6.3435000000e-05
6.4475000000e-05
7.8026000000e-05
6.3834000000e-05
6.4124000000e-05
6.3504000000e-05
7.2423000000e-05
6.5204000000e-05
6.4482000000e-05
6.5027000000e-05
8.3389000000e-05
6.4487000000e-05
6.3900000000e-05
6.4324000000e-05
7.8687000000e-05
6.4109000000e-05
6.4642000000e-05
6.3749000000e-05
8.2538000000e-05
6.3929000000e-05
6.4070000000e-05
6.3820000000e-05
7.2196000000e-05
6.5002000000e-05
6.4607000000e-05
6.3904000000e-05
7.6105000000e-05
6.6394000000e-05
6.4273000000e-05
6.3810000000e-05
8.0681000000e-05
6.4195000000e-05
6.4253000000e-05
6.4202000000e-05
8.2835000000e-05
6.4361000000e-05
6.4410000000e-05
6.4252000000e-05
7.9044000000e-05
6.5138000000e-05
6.4069000000e-05
6.3776000000e-05
7.6646000000e-05
6.4763000000e-05
6.4361000000e-05
6.4449000000e-05
7.9287000000e-05
6.2593000000e-05
6.2289000000e-05
6.2175000000e-05
8.1192000000e-05
6.2919000000e-05
6.3125000000e-05
6.2396000000e-05
2.3411200000e-04
6.4332000000e-05
6.2345000000e-05
6.2671000000e-05
8.1515000000e-05
6.2796000000e-05
6.2845000000e-05
6.2220000000e-05
7.7202000000e-05
6.3153000000e-05
6.2653000000e-05
6.2421000000e-05
9.3076000000e-05
6.3709000000e-05
6.2911000000e-05
6.2540000000e-05
7.7679000000e-05
6.7169000000e-05
6.3732000000e-05
6.2644000000e-05
7.8073000000e-05
6.4419000000e-05
6.4294000000e-05
6.4126000000e-05
7.5255000000e-05
6.4743000000e-05
6.4069000000e-05
6.2429000000e-05
8.1907000000e-05
6.4631000000e-05
6.5034000000e-05
6.4722000000e-05
7.2464000000e-05
6.3734000000e-05
6.4990000000e-05
6.4447000000e-05
7.9360000000e-05
6.4185000000e-05
6.4485000000e-05
6.4004000000e-05
7.8817000000e-05
6.4429000000e-05
6.3615000000e-05
6.3685000000e-05
8.3014000000e-05
6.4601000000e-05
6.4083000000e-05
6.4283000000e-05
7.8581000000e-05
6.4806000000e-05
6.3906000000e-05
6.3741000000e-05
7.9604000000e-05
6.4091000000e-05
6.3872000000e-05
6.3944000000e-05
7.7315000000e-05
6.4497000000e-05
6.3921000000e-05
6.4588000000e-05
8.2295000000e-05
6.4741000000e-05
6.4230000000e-05
6.4091000000e-05
7.8539000000e-05
6.5181000000e-05
6.3821000000e-05
6.4070000000e-05
8.2317000000e-05
6.4656000000e-05
6.4556000000e-05
6.4691000000e-05
7.9686000000e-05
6.5091000000e-05
6.4082000000e-05
6.4214000000e-05
8.2805000000e-05
6.4468000000e-05
6.4552000000e-05
6.4647000000e-05
7.8921000000e-05
6.4398000000e-05
6.4886000000e-05
6.5579000000e-05
8.4606000000e-05
6.4897000000e-05
6.4757000000e-05
6.4290000000e-05
7.5288000000e-05
6.4276000000e-05
6.3944000000e-05
6.4583000000e-05
7.9959000000e-05
6.4708000000e-05
6.4591000000e-05
6.4665000000e-05
7.8784000000e-05
6.4490000000e-05
6.3972000000e-05
6.5075000000e-05
8.2940000000e-05
6.4443000000e-05
6.4234000000e-05
6.4519000000e-05
7.8882000000e-05
6.4488000000e-05
6.3802000000e-05
6.4201000000e-05
8.2840000000e-05
6.4237000000e-05
6.4231000000e-05
6.4602000000e-05
7.7626000000e-05
6.5429000000e-05
6.4156000000e-05
6.4681000000e-05
8.0159000000e-05
6.4533000000e-05
6.4204000000e-05
6.4056000000e-05
7.8591000000e-05
6.4339000000e-05
6.4296000000e-05
6.3685000000e-05
7.6258000000e-05
6.4485000000e-05
6.4261000000e-05
6.4177000000e-05
7.8679000000e-05
6.4734000000e-05
6.4306000000e-05
6.3956000000e-05
8.2745000000e-05
6.5337000000e-05
6.4513000000e-05
6.3896000000e-05
8.0796000000e-05
6.4661000000e-05
6.4411000000e-05
6.3918000000e-05
8.3163000000e-05
6.4052000000e-05
6.4022000000e-05
6.3856000000e-05
7.8821000000e-05
6.6417000000e-05
6.3993000000e-05
6.4433000000e-05
8.4135000000e-05
6.4309000000e-05
6.4930000000e-05
6.4058000000e-05
7.1652000000e-05
6.4771000000e-05
6.4277000000e-05
6.4128000000e-05
8.3364000000e-05
6.4343000000e-05
6.4525000000e-05
6.4185000000e-05
7.8708000000e-05
6.4296000000e-05
6.4859000000e-05
6.4267000000e-05
8.9338000000e-05
6.6453000000e-05
6.5974000000e-05
6.5941000000e-05
8.0616000000e-05
6.5397000000e-05
6.6507000000e-05
6.5710000000e-05
8.4791000000e-05
6.5726000000e-05
6.5489000000e-05
6.4466000000e-05
7.8508000000e-05
6.4667000000e-05
6.4558000000e-05
6.3722000000e-05
7.6680000000e-05
6.4943000000e-05
6.4644000000e-05
6.4301000000e-05
7.2577000000e-05
6.4767000000e-05
6.4324000000e-05
6.3804000000e-05
8.2772000000e-05
6.4657000000e-05
6.4807000000e-05
6.4319000000e-05
8.0776000000e-05
6.5552000000e-05
6.4290000000e-05
6.4494000000e-05
8.2288000000e-05
6.4587000000e-05
6.4521000000e-05
6.5098000000e-05
7.9573000000e-05
6.4437000000e-05
6.4036000000e-05
6.4093000000e-05
8.3131000000e-05
6.4569000000e-05
6.4220000000e-05
6.3623000000e-05
8.2371000000e-05
6.4456000000e-05
6.4664000000e-05
6.4232000000e-05
7.8864000000e-05
6.5491000000e-05
6.3810000000e-05
6.5056000000e-05
8.2977000000e-05
6.4299000000e-05
6.4132000000e-05
6.5097000000e-05
7.6882000000e-05
6.4179000000e-05
6.4097000000e-05
6.3815000000e-05
7.9393000000e-05
6.4907000000e-05
6.3929000000e-05
6.4140000000e-05
7.6005000000e-05
6.6279000000e-05
6.4783000000e-05
6.4074000000e-05
7.9803000000e-05
6.4312000000e-05
6.4146000000e-05
6.4093000000e-05
7.8712000000e-05
6.4241000000e-05
6.4083000000e-05
6.3554000000e-05
8.3003000000e-05
6.5081000000e-05
8.9326000000e-04
6.4607000000e-05
7.2685000000e-05
6.4655000000e-05
6.4757000000e-05
6.4454000000e-05
8.5004000000e-05
6.4507000000e-05
6.5643000000e-05
6.4925000000e-05
7.9207000000e-05
6.5263000000e-05
6.4615000000e-05
6.4347000000e-05
8.3414000000e-05
6.5169000000e-05
6.6163000000e-05
6.5729000000e-05
7.7175000000e-05
6.5148000000e-05
6.6568000000e-05
6.4751000000e-05
8.4717000000e-05
6.5147000000e-05
6.7156000000e-05
6.6165000000e-05
7.6009000000e-05
6.5694000000e-05
6.5565000000e-05
6.5007000000e-05
7.9895000000e-05
6.4925000000e-05
6.4775000000e-05
6.5464000000e-05
7.2714000000e-05
6.5148000000e-05
6.5978000000e-05
6.5609000000e-05
7.9259000000e-05
6.5592000000e-05
6.4577000000e-05
6.4310000000e-05
7.5423000000e-05
6.5446000000e-05
6.4437000000e-05
6.3952000000e-05
7.9241000000e-05
6.5208000000e-05
6.5316000000e-05
6.4746000000e-05
7.3187000000e-05
6.5523000000e-05
6.4827000000e-05
6.4958000000e-05
7.8792000000e-05
7.0267000000e-05
7.6716000000e-05
6.5602000000e-05
7.6294000000e-05
6.5095000000e-05
6.4920000000e-05
6.4642000000e-05
8.8776000000e-05
6.6283000000e-05
6.4716000000e-05
6.4051000000e-05
7.7907000000e-05
6.4347000000e-05
6.5083000000e-05
6.4915000000e-05
8.0284000000e-05
6.5554000000e-05
6.4599000000e-05
6.4743000000e-05
7.4473000000e-05
6.6226000000e-05
6.5140000000e-05
6.4925000000e-05
8.1018000000e-05
6.5179000000e-05
6.4921000000e-05
6.5688000000e-05
7.9569000000e-05
6.4513000000e-05
6.5216000000e-05
6.4444000000e-05
8.1217000000e-05
6.4939000000e-05
6.4529000000e-05
6.4955000000e-05
7.5235000000e-05
6.4332000000e-05
6.4593000000e-05
6.4822000000e-05
8.0567000000e-05
6.5558000000e-05
6.4823000000e-05
6.4732000000e-05
7.2777000000e-05
6.5262000000e-05
6.5101000000e-05
6.5157000000e-05
8.2160000000e-05
6.5090000000e-05
6.5453000000e-05
6.4863000000e-05
7.9143000000e-05
6.5029000000e-05
6.4884000000e-05
6.5249000000e-05
8.5063000000e-05
6.4476000000e-05
6.4738000000e-05
6.5572000000e-05
7.9495000000e-05
6.5874000000e-05
6.4349000000e-05
6.4744000000e-05
8.3462000000e-05
6.4592000000e-05
6.4257000000e-05
6.3671000000e-05
7.8938000000e-05
6.4552000000e-05
6.5003000000e-05
6.4528000000e-05
8.3567000000e-05
6.5480000000e-05
6.4804000000e-05
6.5181000000e-05
7.5928000000e-05
6.4828000000e-05
6.4079000000e-05
6.5112000000e-05
7.6883000000e-05
6.5017000000e-05
6.4987000000e-05
6.5525000000e-05
7.8462000000e-05
6.5964000000e-05
6.5290000000e-05
6.4970000000e-05
8.3735000000e-05
6.5493000000e-05
6.4950000000e-05
6.5382000000e-05
8.0581000000e-05
6.3991000000e-05
6.4091000000e-05
6.4270000000e-05
8.0631000000e-05
6.5437000000e-05
6.3361000000e-05
6.3621000000e-05
7.2681000000e-05
6.5261000000e-05
6.3853000000e-05
6.4839000000e-05
8.3030000000e-05
6.4511000000e-05
6.4392000000e-05
6.3689000000e-05
8.1504000000e-05
6.4333000000e-05
6.4276000000e-05
6.4952000000e-05
8.0735000000e-05
6.5443000000e-05
6.5597000000e-05
6.4740000000e-05
7.6775000000e-05
6.5910000000e-05
6.5669000000e-05
6.5128000000e-05
8.2301000000e-05
6.3950000000e-05
6.3817000000e-05
6.4363000000e-05
7.9300000000e-05
6.3510000000e-05
6.4597000000e-05
6.4274000000e-05
8.5393000000e-05
6.5834000000e-05
6.5228000000e-05
6.4471000000e-05
7.7122000000e-05
6.5745000000e-05
6.4130000000e-05
6.4793000000e-05
8.1989000000e-05
6.5030000000e-05
6.5263000000e-05
6.4894000000e-05
7.6208000000e-05
6.4980000000e-05
6.4888000000e-05
6.4214000000e-05
8.3842000000e-05
6.4103000000e-05
6.4882000000e-05
6.7480000000e-05
7.9999000000e-05
6.4244000000e-05
6.4743000000e-05
6.3987000000e-05
8.3000000000e-05
6.4591000000e-05
6.5097000000e-05
6.5187000000e-05
7.6311000000e-05
6.5360000000e-05
6.4354000000e-05
6.4630000000e-05
7.6535000000e-05
6.4521000000e-05
6.5548000000e-05
6.4528000000e-05
8.0983000000e-05
6.4138000000e-05
6.4402000000e-05
6.5113000000e-05
8.3441000000e-05
6.5162000000e-05
6.6185000000e-05
6.5115000000e-05
7.9424000000e-05
6.5641000000e-05
6.4466000000e-05
6.3734000000e-05
8.0049000000e-05
6.4091000000e-05
6.4413000000e-05
6.5538000000e-05
7.5709000000e-05
6.4019000000e-05
6.4924000000e-05
6.4252000000e-05
7.9913000000e-05
6.4593000000e-05
6.4134000000e-05
6.3073000000e-05
7.2071000000e-05
6.4054000000e-05
6.3845000000e-05
6.4107000000e-05
8.4313000000e-05
6.3888000000e-05
6.4990000000e-05
6.3993000000e-05
8.9056000000e-05
6.4552000000e-05
6.4904000000e-05
6.3944000000e-05
7.2012000000e-05
6.5466000000e-05
6.4520000000e-05
6.4130000000e-05
7.8253000000e-05
6.3958000000e-05
6.4105000000e-05
6.3919000000e-05
7.5700000000e-05
6.3962000000e-05
6.3915000000e-05
6.3899000000e-05
7.6684000000e-05
6.4103000000e-05
6.4434000000e-05
6.4004000000e-05
7.1876000000e-05
6.5896000000e-05
6.3898000000e-05
6.3697000000e-05
8.4904000000e-05
6.4314000000e-05
6.5252000000e-05
6.4123000000e-05
7.9318000000e-05
6.4704000000e-05
6.4783000000e-05
6.3742000000e-05
8.2876000000e-05
6.4717000000e-05
6.4050000000e-05
6.3542000000e-05
7.5971000000e-05
6.3933000000e-05
6.3828000000e-05
6.3726000000e-05
8.3143000000e-05
6.4709000000e-05
6.3853000000e-05
6.3802000000e-05
7.8552000000e-05
6.5807000000e-05
6.4062000000e-05
6.4144000000e-05
8.2364000000e-05
6.3962000000e-05
6.4117000000e-05
6.3868000000e-05
7.7207000000e-05
6.4834000000e-05
6.4573000000e-05
6.3765000000e-05
8.2790000000e-05
6.4081000000e-05
6.3718000000e-05
6.4206000000e-05
7.9004000000e-05
6.3740000000e-05
6.4550000000e-05
6.4442000000e-05
8.2889000000e-05
6.4134000000e-05
6.3897000000e-05
6.3474000000e-05
7.8895000000e-05
6.4928000000e-05
6.3736000000e-05
6.3497000000e-05
7.9241000000e-05
6.5314000000e-05
6.4017000000e-05
6.3843000000e-05
7.2638000000e-05
6.4628000000e-05
7.7281000000e-05
6.5372000000e-05
8.6043000000e-05
6.4613000000e-05
6.5054000000e-05
6.4695000000e-05
7.9519000000e-05
6.4665000000e-05
6.4835000000e-05
6.3662000000e-05
8.3720000000e-05
6.4321000000e-05
6.4892000000e-05
6.5257000000e-05
9.1258000000e-05
6.5243000000e-05
6.5121000000e-05
6.4501000000e-05
8.8659000000e-05
6.5404000000e-05
6.3984000000e-05
6.3693000000e-05
7.1126000000e-05
6.3955000000e-05
6.3355000000e-05
6.3187000000e-05
8.1276000000e-05
6.3277000000e-05
6.3234000000e-05
6.3525000000e-05
7.9202000000e-05
6.3431000000e-05
6.3424000000e-05
6.3628000000e-05
7.6045000000e-05
6.3659000000e-05
6.3290000000e-05
6.2673000000e-05
7.1716000000e-05
6.2883000000e-05
6.2878000000e-05
6.3806000000e-05
7.5339000000e-05
6.2898000000e-05
6.2939000000e-05
6.3003000000e-05
7.1413000000e-05
6.2935000000e-05
6.2605000000e-05
6.2732000000e-05
7.5907000000e-05
6.3763000000e-05
6.3517000000e-05
6.3015000000e-05
7.3731000000e-05
6.3712000000e-05
6.2980000000e-05
6.2666000000e-05
7.5885000000e-05
6.3653000000e-05
6.3387000000e-05
6.3169000000e-05
7.2001000000e-05
6.3431000000e-05
6.3889000000e-05
6.3377000000e-05
7.5847000000e-05
6.4007000000e-05
6.3812000000e-05
6.3050000000e-05
7.1640000000e-05
6.4085000000e-05
6.3304000000e-05
6.3264000000e-05
7.6755000000e-05
6.4280000000e-05
6.3425000000e-05
6.3242000000e-05
7.1935000000e-05
6.3589000000e-05
6.3894000000e-05
6.3095000000e-05
7.7817000000e-05
6.3760000000e-05
6.3218000000e-05
6.2722000000e-05
7.1878000000e-05
6.2820000000e-05
6.2861000000e-05
6.2921000000e-05
7.5536000000e-05
6.3691000000e-05
6.3060000000e-05
6.2963000000e-05
7.3253000000e-05
7.3064000000e-05
6.5114000000e-05
6.4948000000e-05
7.7612000000e-05
6.5209000000e-05
6.5425000000e-05
6.4760000000e-05
7.3411000000e-05
6.5726000000e-05
6.5876000000e-05
6.5234000000e-05
8.0226000000e-05
6.5228000000e-05
6.5384000000e-05
6.5423000000e-05
7.6634000000e-05
6.4439000000e-05
6.6134000000e-05
6.4753000000e-05
8.3893000000e-05
6.5923000000e-05
6.6093000000e-05
6.5253000000e-05
8.0956000000e-05
6.5997000000e-05
6.5966000000e-05
6.4429000000e-05
7.8047000000e-05
6.5347000000e-05
6.5243000000e-05
6.4356000000e-05
7.7311000000e-05
6.5183000000e-05
6.5287000000e-05
6.6044000000e-05
8.3914000000e-05
6.5900000000e-05
6.5104000000e-05
6.4837000000e-05
8.1578000000e-05
6.6667000000e-05
6.5728000000e-05
6.5175000000e-05
8.4092000000e-05
6.6539000000e-05
6.4367000000e-05
6.5542000000e-05
7.9520000000e-05
6.5179000000e-05
6.5932000000e-05
6.5548000000e-05
8.0083000000e-05
7.0836000000e-05
6.6493000000e-05
6.5015000000e-05
7.3405000000e-05
6.5451000000e-05
6.5784000000e-05
6.5493000000e-05
8.3227000000e-05
6.5484000000e-05
6.6191000000e-05
6.5935000000e-05
7.6952000000e-05
6.5735000000e-05
6.5696000000e-05
6.4939000000e-05
7.9977000000e-05
6.6077000000e-05
6.5622000000e-05
6.5450000000e-05
8.5815000000e-05
6.6728000000e-05
6.5648000000e-05
6.5591000000e-05
8.4024000000e-05
6.7434000000e-05
6.5688000000e-05
6.3786000000e-05
8.0640000000e-05
6.5021000000e-05
6.4967000000e-05
6.5333000000e-05
8.4643000000e-05
6.5277000000e-05
6.4747000000e-05
6.5761000000e-05
7.4012000000e-05
6.5773000000e-05
9.1452700000e-04
6.4929000000e-05
8.2493000000e-05
6.3348000000e-05
6.4511000000e-05
6.3183000000e-05
7.8920000000e-05
6.3284000000e-05
6.2954000000e-05
6.2700000000e-05
8.2049000000e-05
6.3630000000e-05
6.2738000000e-05
6.3119000000e-05
7.4522000000e-05
6.3934000000e-05
6.2685000000e-05
6.2902000000e-05
7.8966000000e-05
6.3318000000e-05
6.3565000000e-05
6.2823000000e-05
7.3874000000e-05
6.2964000000e-05
6.2894000000e-05
6.2523000000e-05
8.6098000000e-05
6.3173000000e-05
6.3097000000e-05
6.2966000000e-05
7.4613000000e-05
6.3659000000e-05
6.3245000000e-05
6.2642000000e-05
7.8873000000e-05
6.5111000000e-05
6.3254000000e-05
6.2630000000e-05
7.7709000000e-05
6.2648000000e-05
6.2896000000e-05
6.2265000000e-05
7.8389000000e-05
6.3472000000e-05
6.2765000000e-05
6.3102000000e-05
7.5097000000e-05
6.3427000000e-05
6.2546000000e-05
6.2935000000e-05
7.9596000000e-05
6.2984000000e-05
6.2548000000e-05
6.3866000000e-05
7.2941000000e-05
6.2988000000e-05
6.3542000000e-05
6.2653000000e-05
7.4969000000e-05
6.2978000000e-05
6.2493000000e-05
6.2007000000e-05
7.0991000000e-05
6.3403000000e-05
6.2646000000e-05
6.2185000000e-05
8.1584000000e-05
6.2908000000e-05
6.3008000000e-05
6.2249000000e-05
7.7034000000e-05
6.2840000000e-05
6.2181000000e-05
6.2085000000e-05
8.1337000000e-05
6.3125000000e-05
6.2423000000e-05
6.2175000000e-05
7.7315000000e-05
6.3261000000e-05
6.2663000000e-05
6.1789000000e-05
8.2585000000e-05
6.2570000000e-05
6.2396000000e-05
6.2488000000e-05
7.7233000000e-05
6.2230000000e-05
6.1632000000e-05
6.2170000000e-05
8.1202000000e-05
6.2911000000e-05
6.1984000000e-05
6.2034000000e-05
7.0049000000e-05
6.2544000000e-05
6.1906000000e-05
6.2038000000e-05
8.0616000000e-05
6.4954000000e-05
6.2455000000e-05
6.2406000000e-05
7.6882000000e-05
6.2798000000e-05
6.2339000000e-05
6.2215000000e-05
8.0893000000e-05
6.2709000000e-05
6.2459000000e-05
6.2304000000e-05
7.8623000000e-05
6.2527000000e-05
6.2568000000e-05
6.2521000000e-05
7.4999000000e-05
6.2833000000e-05
7.3527000000e-05
6.2986000000e-05
9.0914000000e-05
6.3931000000e-05
6.2693000000e-05
6.2784000000e-05
7.7731000000e-05
6.2833000000e-05
6.2313000000e-05
6.2589000000e-05
8.1126000000e-05
6.3695000000e-05
6.2328000000e-05
6.2042000000e-05
7.7656000000e-05
6.3538000000e-05
6.3017000000e-05
6.3223000000e-05
8.0590000000e-05
6.3634000000e-05
6.3607000000e-05
6.2335000000e-05
7.1130000000e-05
6.3933000000e-05
6.2867000000e-05
6.3334000000e-05
7.8605000000e-05
6.3306000000e-05
6.3458000000e-05
6.5163000000e-05
7.7683000000e-05
6.3701000000e-05
6.3025000000e-05
6.2607000000e-05
8.2276000000e-05
6.3376000000e-05
6.2700000000e-05
6.3474000000e-05
7.8437000000e-05
6.4039000000e-05
6.3327000000e-05
6.2917000000e-05
8.1863000000e-05
6.3181000000e-05
6.3804000000e-05
6.2861000000e-05
7.9563000000e-05
6.3459000000e-05
6.3163000000e-05
6.2873000000e-05
8.1821000000e-05
6.5724000000e-05
6.5247000000e-05
6.4423000000e-05
7.9091000000e-05
6.5148000000e-05
6.5349000000e-05
6.4950000000e-05
8.2975000000e-05
6.3589000000e-05
6.3330000000e-05
6.2990000000e-05
7.8550000000e-05
6.3273000000e-05
6.3021000000e-05
6.3218000000e-05
7.8331000000e-05
6.3664000000e-05
6.3904000000e-05
6.2882000000e-05
7.5152000000e-05
6.3839000000e-05
6.3710000000e-05
6.2662000000e-05
8.4432000000e-05
6.4856000000e-05
6.3296000000e-05
6.2951000000e-05
7.7839000000e-05
6.3517000000e-05
6.2642000000e-05
6.2827000000e-05
7.8607000000e-05
6.2892000000e-05
6.3398000000e-05
6.2663000000e-05
7.1772000000e-05
6.2739000000e-05
6.2878000000e-05
6.3174000000e-05
7.5768000000e-05
6.4569000000e-05
6.3845000000e-05
6.3547000000e-05
7.1001000000e-05
6.4081000000e-05
6.2848000000e-05
6.3193000000e-05
8.7266000000e-05
6.7763000000e-05
6.7975000000e-05
6.5313000000e-05
8.0963000000e-05
6.3853000000e-05
6.2962000000e-05
6.3903000000e-05
8.1887000000e-05
6.3492000000e-05
6.2823000000e-05
6.2636000000e-05
7.8646000000e-05
6.4019000000e-05
6.3243000000e-05
6.2229000000e-05
7.5435000000e-05
6.3214000000e-05
6.2343000000e-05
6.5285000000e-05
7.8960000000e-05
6.5089000000e-05
6.4177000000e-05
6.4050000000e-05
8.2803000000e-05
6.2972000000e-05
6.3931000000e-05
6.5030000000e-05
7.1987000000e-05
6.4023000000e-05
6.4251000000e-05
6.3860000000e-05
8.3176000000e-05
6.6597000000e-05
6.3117000000e-05
6.2726000000e-05
7.7937000000e-05
6.3023000000e-05
6.2521000000e-05
6.2275000000e-05
8.0861000000e-05
6.3739000000e-05
6.2662000000e-05
6.2363000000e-05
7.7443000000e-05
6.2962000000e-05
6.2068000000e-05
6.1934000000e-05
8.0884000000e-05
6.2513000000e-05
6.2189000000e-05
6.2476000000e-05
7.0265000000e-05
6.3286000000e-05
6.2851000000e-05
6.2398000000e-05
8.1467000000e-05
6.3662000000e-05
6.2939000000e-05
6.2525000000e-05
7.8989000000e-05
6.2919000000e-05
6.3763000000e-05
6.2730000000e-05
7.4640000000e-05
6.2681000000e-05
6.2638000000e-05
6.2388000000e-05
7.7438000000e-05
6.3103000000e-05
6.2878000000e-05
6.2345000000e-05
8.0999000000e-05
6.3874000000e-05
6.2480000000e-05
6.2318000000e-05
7.7284000000e-05
6.2917000000e-05
6.2376000000e-05
6.4024000000e-05
7.5001000000e-05
6.3029000000e-05
6.2418000000e-05
6.1819000000e-05
7.0499000000e-05
6.3765000000e-05
6.4110000000e-05
6.3930000000e-05
8.4487000000e-05
6.4415000000e-05
6.4019000000e-05
6.4253000000e-05
7.7473000000e-05
6.2577000000e-05
6.2470000000e-05
6.2508000000e-05
8.8201000000e-05
6.2314000000e-05
6.3123000000e-05
6.2605000000e-05
7.8074000000e-05
6.3318000000e-05
6.2448000000e-05
6.2476000000e-05
7.8438000000e-05
6.3705000000e-05
6.2974000000e-05
6.2539000000e-05
7.4017000000e-05
6.2769000000e-05
6.2513000000e-05
6.2280000000e-05
7.9196000000e-05
6.3099000000e-05
6.2463000000e-05
6.2769000000e-05
7.3659000000e-05
6.2734000000e-05
6.2119000000e-05
6.1890000000e-05
7.7233000000e-05
6.3476000000e-05
6.2352000000e-05
6.2658000000e-05
7.4103000000e-05
6.2956000000e-05
6.2480000000e-05
6.2103000000e-05
8.1453000000e-05
6.2319000000e-05
6.2275000000e-05
6.2198000000e-05
7.7167000000e-05
6.2773000000e-05
6.2193000000e-05
6.2115000000e-05
8.1510000000e-05
6.3485000000e-05
6.2409000000e-05
6.2274000000e-05
7.8741000000e-05
6.2693000000e-05
6.2000000000e-05
6.2382000000e-05
8.1210000000e-05
6.3439000000e-05
6.2622000000e-05
6.2738000000e-05
7.7058000000e-05
6.2757000000e-05
6.2569000000e-05
6.2980000000e-05
7.9616000000e-05
6.4280000000e-05
6.4144000000e-05
6.3939000000e-05
7.5942000000e-05
6.5501000000e-05
6.2859000000e-05
6.2495000000e-05
7.8563000000e-05
6.2949000000e-05
6.2070000000e-05
6.2324000000e-05
7.0878000000e-05
6.2677000000e-05
6.2423000000e-05
6.2299000000e-05
7.8751000000e-05
6.2444000000e-05
6.2437000000e-05
6.2138000000e-05
7.6879000000e-05
6.2525000000e-05
6.2027000000e-05
6.1833000000e-05
8.0131000000e-05
6.3009000000e-05
6.2915000000e-05
6.2265000000e-05
7.6853000000e-05
6.2572000000e-05
6.2765000000e-05
6.6478000000e-05
8.1261000000e-05
6.5272000000e-05
6.2933000000e-05
6.3849000000e-05
9.8978000000e-05
6.3459000000e-05
6.2332000000e-05
6.2679000000e-05
7.0030000000e-05
6.2535000000e-05
6.2265000000e-05
6.3078000000e-05
7.6380000000e-05
6.3238000000e-05
6.2599000000e-05
6.3011000000e-05
7.0599000000e-05
6.2511000000e-05
6.2308000000e-05
6.2744000000e-05
8.1159000000e-05
6.2560000000e-05
6.2369000000e-05
6.2675000000e-05
7.7018000000e-05
6.2511000000e-05
6.2267000000e-05
6.1933000000e-05
8.1223000000e-05
6.2488000000e-05
6.2810000000e-05
6.1888000000e-05
7.6831000000e-05
6.2906000000e-05
6.4421000000e-05
6.4575000000e-05
8.2934000000e-05
6.4770000000e-05
6.4109000000e-05
6.3831000000e-05
7.3038000000e-05
6.2670000000e-05
6.2398000000e-05
6.6331000000e-05
8.2907000000e-05
6.4865000000e-05
6.4365000000e-05
6.4437000000e-05
7.8431000000e-05
6.4480000000e-05
6.3733000000e-05
6.4819000000e-05
7.6616000000e-05
6.4294000000e-05
6.4685000000e-05
6.4066000000e-05
7.7087000000e-05
6.2699000000e-05
6.2365000000e-05
6.2780000000e-05
8.1915000000e-05
6.2987000000e-05
6.2754000000e-05
6.2501000000e-05
7.7512000000e-05
6.3271000000e-05
6.2378000000e-05
6.2558000000e-05
8.2497000000e-05
6.3360000000e-05
6.2001000000e-05
6.2788000000e-05
7.7074000000e-05
6.2852000000e-05
6.2120000000e-05
6.2282000000e-05
8.0965000000e-05
6.2576000000e-05
6.2962000000e-05
6.2465000000e-05
7.6858000000e-05
6.2614000000e-05
6.2238000000e-05
6.2619000000e-05
8.1250000000e-05
6.3064000000e-05
6.2071000000e-05
6.2656000000e-05
7.7536000000e-05
6.3306000000e-05
6.2823000000e-05
6.3220000000e-05
7.4811000000e-05
6.2649000000e-05
6.2607000000e-05
6.1941000000e-05
7.8907000000e-05
6.2248000000e-05
6.2574000000e-05
6.2818000000e-05
7.9481000000e-05
6.4482000000e-05
6.3650000000e-05
6.3703000000e-05
7.6163000000e-05
6.4460000000e-05
6.2155000000e-05
6.2349000000e-05
7.7900000000e-05
6.4780000000e-05
6.4101000000e-05
6.4099000000e-05
7.6315000000e-05
6.4240000000e-05
9.1838800000e-04
6.4134000000e-05
7.6460000000e-05
6.2378000000e-05
6.2179000000e-05
6.2131000000e-05
7.6886000000e-05
6.2616000000e-05
6.2410000000e-05
6.2156000000e-05
8.0710000000e-05
6.2448000000e-05
6.2177000000e-05
6.2105000000e-05
7.7403000000e-05
6.3462000000e-05
6.2206000000e-05
6.2547000000e-05
8.1671000000e-05
6.2963000000e-05
6.3080000000e-05
6.9226000000e-05
7.9931000000e-05
6.2779000000e-05
6.2353000000e-05
6.2267000000e-05
7.3917000000e-05
6.2653000000e-05
6.2361000000e-05
6.2380000000e-05
7.9286000000e-05
6.2546000000e-05
6.2519000000e-05
6.2284000000e-05
8.1036000000e-05
6.3066000000e-05
6.2745000000e-05
6.2353000000e-05
7.7597000000e-05
6.2999000000e-05
6.2113000000e-05
6.9421000000e-05
8.2278000000e-05
6.3082000000e-05
6.4897000000e-05
6.2341000000e-05
7.7198000000e-05
6.3150000000e-05
6.2338000000e-05
6.2091000000e-05
8.1192000000e-05
6.4437000000e-05
6.4396000000e-05
6.4492000000e-05
7.8643000000e-05
6.5985000000e-05
6.4140000000e-05
6.2702000000e-05
7.7462000000e-05
6.5636000000e-05
6.4853000000e-05
6.4091000000e-05
7.7989000000e-05
6.5409000000e-05
6.3828000000e-05
6.3884000000e-05
7.4881000000e-05
6.2607000000e-05
6.2404000000e-05
6.2107000000e-05
7.7166000000e-05
6.2564000000e-05
6.2416000000e-05
6.2662000000e-05
8.0772000000e-05
6.2995000000e-05
6.2003000000e-05
6.2269000000e-05
7.6581000000e-05
6.2870000000e-05
6.1693000000e-05
6.2396000000e-05
9.6352000000e-05
6.3601000000e-05
6.2402000000e-05
6.2294000000e-05
7.3976000000e-05
6.2609000000e-05
6.2884000000e-05
6.2523000000e-05
7.8067000000e-05
6.2578000000e-05
6.2017000000e-05
6.1870000000e-05
7.7362000000e-05
6.2378000000e-05
6.2456000000e-05
6.1990000000e-05
8.1163000000e-05
6.2170000000e-05
6.2123000000e-05
6.2039000000e-05
7.3792000000e-05
6.2484000000e-05
6.2416000000e-05
6.1958000000e-05
8.0208000000e-05
6.2544000000e-05
6.2235000000e-05
6.2126000000e-05
7.3767000000e-05
6.2806000000e-05
6.2860000000e-05
6.2237000000e-05
7.4439000000e-05
6.3015000000e-05
6.4111000000e-05
6.4093000000e-05
7.1620000000e-05
6.4634000000e-05
6.4280000000e-05
6.3749000000e-05
7.8251000000e-05
6.3209000000e-05
6.5923000000e-05
6.4626000000e-05
7.8682000000e-05
6.5093000000e-05
6.4454000000e-05
6.4267000000e-05
7.9548000000e-05
6.4420000000e-05
6.4595000000e-05
6.4284000000e-05
7.3635000000e-05
6.4208000000e-05
6.4181000000e-05
6.2562000000e-05
7.9417000000e-05
6.4234000000e-05
6.4103000000e-05
6.3286000000e-05
7.8748000000e-05
6.5370000000e-05
6.3874000000e-05
6.2117000000e-05
8.1149000000e-05
6.2993000000e-05
6.2445000000e-05
6.2232000000e-05
7.6925000000e-05
6.2455000000e-05
6.2674000000e-05
6.2333000000e-05
8.1188000000e-05
6.2052000000e-05
6.2155000000e-05
6.2837000000e-05
7.4374000000e-05
6.2790000000e-05
6.2302000000e-05
6.2099000000e-05
7.9493000000e-05
6.2705000000e-05
6.2279000000e-05
6.2587000000e-05
7.7356000000e-05
6.2909000000e-05
6.2070000000e-05
6.2191000000e-05
8.6006000000e-05
6.6697000000e-05
6.4099000000e-05
6.2796000000e-05
8.7629000000e-05
6.2918000000e-05
7.3265000000e-05
6.2972000000e-05
7.1076000000e-05
6.2536000000e-05
6.3085000000e-05
6.4144000000e-05
7.6018000000e-05
6.4293000000e-05
6.3748000000e-05
6.4492000000e-05
7.8768000000e-05
6.2902000000e-05
6.2748000000e-05
6.6574000000e-05
8.5829000000e-05
6.5015000000e-05
6.4572000000e-05
6.4685000000e-05
7.9065000000e-05
6.4554000000e-05
6.4459000000e-05
6.4425000000e-05
8.2546000000e-05
6.4851000000e-05
6.4625000000e-05
6.4822000000e-05
7.8083000000e-05
6.3067000000e-05
6.2509000000e-05
6.2486000000e-05
7.4589000000e-05
6.3163000000e-05
6.2561000000e-05
6.2705000000e-05
7.7409000000e-05
6.3044000000e-05
6.2335000000e-05
6.2124000000e-05
8.1099000000e-05
6.2888000000e-05
6.3004000000e-05
6.2501000000e-05
7.1623000000e-05
6.2564000000e-05
6.2570000000e-05
6.2566000000e-05
8.0726000000e-05
6.2941000000e-05
6.2708000000e-05
6.2782000000e-05
7.6523000000e-05
6.2527000000e-05
6.2630000000e-05
6.2747000000e-05
7.5210000000e-05
6.2844000000e-05
6.3228000000e-05
6.2467000000e-05
7.7499000000e-05
6.3164000000e-05
6.2873000000e-05
6.2796000000e-05
8.1102000000e-05
6.2812000000e-05
6.2711000000e-05
6.2650000000e-05
7.7417000000e-05
6.2332000000e-05
6.2515000000e-05
6.2107000000e-05
8.5098000000e-05
6.4654000000e-05
6.4340000000e-05
6.4050000000e-05
7.2710000000e-05
6.4716000000e-05
6.2737000000e-05
6.4434000000e-05
8.4092000000e-05
6.4850000000e-05
6.4290000000e-05
6.4382000000e-05
7.8784000000e-05
6.4175000000e-05
6.4130000000e-05
6.3843000000e-05
8.2249000000e-05
6.4730000000e-05
6.4816000000e-05
6.4366000000e-05
7.8881000000e-05
6.4540000000e-05
6.5095000000e-05
6.4730000000e-05
9.0522000000e-05
6.4652000000e-05
6.4246000000e-05
6.3843000000e-05
7.8981000000e-05
6.4185000000e-05
6.5429000000e-05
6.4330000000e-05
8.2985000000e-05
6.4415000000e-05
6.4923000000e-05
6.3831000000e-05
7.9083000000e-05
6.4601000000e-05
6.3898000000e-05
6.2469000000e-05
7.9551000000e-05
6.4511000000e-05
6.4464000000e-05
6.4318000000e-05
7.6040000000e-05
6.4874000000e-05
6.3120000000e-05
6.2884000000e-05
8.2110000000e-05
6.3451000000e-05
6.3164000000e-05
6.2974000000e-05
7.9757000000e-05
6.2722000000e-05
6.2936000000e-05
6.3204000000e-05
8.1963000000e-05
6.3139000000e-05
6.2525000000e-05
6.2783000000e-05
7.3812000000e-05
6.2931000000e-05
6.2937000000e-05
6.2531000000e-05
7.7791000000e-05
6.2814000000e-05
6.2591000000e-05
6.2275000000e-05
7.4068000000e-05
6.2720000000e-05
6.2552000000e-05
6.2665000000e-05
8.3519000000e-05
6.4450000000e-05
6.5210000000e-05
6.5007000000e-05
7.5811000000e-05
6.4355000000e-05
6.4601000000e-05
6.4375000000e-05
7.9880000000e-05
6.2761000000e-05
6.2485000000e-05
6.2554000000e-05
9.1428000000e-05
6.2434000000e-05
6.2753000000e-05
6.2097000000e-05
8.1819000000e-05
6.3478000000e-05
6.2646000000e-05
6.3009000000e-05
7.9067000000e-05
6.3390000000e-05
6.2898000000e-05
6.2472000000e-05
8.1327000000e-05
6.2679000000e-05
6.2655000000e-05
6.2651000000e-05
7.7621000000e-05
6.2890000000e-05
6.2587000000e-05
6.2064000000e-05
8.1341000000e-05
6.2402000000e-05
6.2620000000e-05
6.2247000000e-05
7.8821000000e-05
6.2558000000e-05
6.2363000000e-05
6.2491000000e-05
8.1596000000e-05
6.3244000000e-05
6.2275000000e-05
6.2511000000e-05
7.7206000000e-05
6.2872000000e-05
6.2262000000e-05
6.3369000000e-05
8.8618000000e-05
6.3790000000e-05
6.3463000000e-05
6.3189000000e-05
7.9121000000e-05
6.3431000000e-05
6.3746000000e-05
6.2691000000e-05
8.2561000000e-05
6.3724000000e-05
6.2849000000e-05
6.3554000000e-05
7.8387000000e-05
6.3657000000e-05
6.3411000000e-05
6.3347000000e-05
8.3867000000e-05
6.4562000000e-05
6.5884000000e-05
6.3746000000e-05
7.8737000000e-05
6.3896000000e-05
6.3687000000e-05
6.3777000000e-05
8.2634000000e-05
6.4081000000e-05
6.3925000000e-05
6.3533000000e-05
7.4960000000e-05
6.3745000000e-05
6.3638000000e-05
6.3593000000e-05
7.5709000000e-05
6.4630000000e-05
6.4418000000e-05
6.3880000000e-05
7.7807000000e-05
6.4017000000e-05
6.3737000000e-05
6.4001000000e-05
7.6546000000e-05
6.3238000000e-05
6.3874000000e-05
6.3950000000e-05
8.0342000000e-05
6.3645000000e-05
6.3431000000e-05
6.3379000000e-05
8.2243000000e-05
6.3695000000e-05
6.3433000000e-05
6.3302000000e-05
7.9155000000e-05
6.4804000000e-05
6.3890000000e-05
6.3896000000e-05
8.3139000000e-05
6.3882000000e-05
6.3506000000e-05
6.3394000000e-05
7.8039000000e-05
6.4143000000e-05
6.3904000000e-05
6.2760000000e-05
7.6547000000e-05
6.4636000000e-05
6.5534000000e-05
6.3919000000e-05
7.7029000000e-05
6.5122000000e-05
6.3831000000e-05
6.4838000000e-05
8.1171000000e-05
6.4375000000e-05
6.3681000000e-05
6.3511000000e-05
7.2975000000e-05
6.4622000000e-05
6.4349000000e-05
6.4449000000e-05
8.2599000000e-05
6.5159000000e-05
6.3747000000e-05
6.4875000000e-05
7.9577000000e-05
6.5111000000e-05
6.5038000000e-05
6.3775000000e-05
7.7266000000e-05
6.6355000000e-05
6.5488000000e-05
6.4042000000e-05
8.6785000000e-05
6.6161000000e-05
6.3961000000e-05
6.3329000000e-05
8.8084000000e-05
6.4506000000e-05
6.3427000000e-05
6.4291000000e-05
8.4174000000e-05
6.3665000000e-05
6.3047000000e-05
6.3335000000e-05
7.5104000000e-05
6.2971000000e-05
6.2744000000e-05
6.3853000000e-05
8.5813000000e-05
7.0032000000e-05
6.5794000000e-05
6.5765000000e-05
8.1903000000e-05
6.6486000000e-05
6.5751000000e-05
6.5622000000e-05
8.5927000000e-05
6.6134000000e-05
6.5796000000e-05
6.8118000000e-05
8.0979000000e-05
6.6853000000e-05
6.6177000000e-05
6.6110000000e-05
8.5994000000e-05
6.6741000000e-05
6.4960000000e-05
6.6126000000e-05
8.1094000000e-05
6.6546000000e-05
6.6052000000e-05
6.4562000000e-05
8.4452000000e-05
6.5873000000e-05
6.5636000000e-05
6.5148000000e-05
8.0674000000e-05
6.5929000000e-05
6.5755000000e-05
6.5947000000e-05
8.3966000000e-05
6.7154000000e-05
6.5890000000e-05
6.5865000000e-05
8.0774000000e-05
6.7041000000e-05
8.9265100000e-04
6.6593000000e-05
8.4820000000e-05
6.5925000000e-05
6.4023000000e-05
6.3728000000e-05
8.0438000000e-05
6.3954000000e-05
6.4171000000e-05
6.3882000000e-05
8.1817000000e-05
6.3011000000e-05
6.2816000000e-05
6.2390000000e-05
7.7782000000e-05
6.3396000000e-05
6.2695000000e-05
6.2621000000e-05
8.1526000000e-05
6.2867000000e-05
6.3498000000e-05
6.2667000000e-05
7.7387000000e-05
6.3028000000e-05
6.2888000000e-05
6.2798000000e-05
7.4938000000e-05
6.3093000000e-05
6.2833000000e-05
6.2751000000e-05
7.9143000000e-05
6.2650000000e-05
6.2645000000e-05
6.2460000000e-05
8.1118000000e-05
6.2994000000e-05
6.2496000000e-05
6.2316000000e-05
7.0876000000e-05
6.2564000000e-05
6.2733000000e-05
6.3025000000e-05
8.4848000000e-05
6.3157000000e-05
6.3914000000e-05
6.3121000000e-05
7.4361000000e-05
6.2662000000e-05
6.2556000000e-05
6.3582000000e-05
8.1213000000e-05
6.3007000000e-05
6.3974000000e-05
6.7353000000e-05
8.0985000000e-05
6.3131000000e-05
6.3814000000e-05
6.3564000000e-05
7.9042000000e-05
6.3974000000e-05
6.3857000000e-05
6.2925000000e-05
7.5247000000e-05
6.3578000000e-05
6.3142000000e-05
6.3058000000e-05
8.3174000000e-05
6.6308000000e-05
6.2701000000e-05
6.2716000000e-05
7.3909000000e-05
6.2991000000e-05
6.3048000000e-05
6.2911000000e-05
7.5934000000e-05
6.7737000000e-05
6.5667000000e-05
6.5561000000e-05
7.7266000000e-05
6.6528000000e-05
6.5860000000e-05
6.5538000000e-05
8.5398000000e-05
6.6370000000e-05
6.4992000000e-05
6.5429000000e-05
7.6190000000e-05
6.5373000000e-05
6.5824000000e-05
6.5519000000e-05
8.0300000000e-05
6.5524000000e-05
6.5351000000e-05
6.4757000000e-05
8.1853000000e-05
6.4794000000e-05
6.4950000000e-05
6.4492000000e-05
8.3739000000e-05
6.5136000000e-05
6.5472000000e-05
6.4369000000e-05
7.9341000000e-05
6.5121000000e-05
6.4648000000e-05
6.4612000000e-05
8.3244000000e-05
6.6565000000e-05
6.4763000000e-05
6.4151000000e-05
8.1332000000e-05
6.4810000000e-05
6.4802000000e-05
6.5716000000e-05
8.3866000000e-05
6.5421000000e-05
6.5385000000e-05
6.5185000000e-05
7.6286000000e-05
6.5068000000e-05
6.5216000000e-05
6.3403000000e-05
7.8951000000e-05
6.3634000000e-05
6.3689000000e-05
6.4546000000e-05
7.8606000000e-05
6.3451000000e-05
6.2697000000e-05
6.2631000000e-05
7.8204000000e-05
6.3193000000e-05
6.2622000000e-05
6.2292000000e-05
7.0316000000e-05
6.2540000000e-05
6.2638000000e-05
6.2439000000e-05
8.5832000000e-05
6.2765000000e-05
6.2818000000e-05
6.2882000000e-05
7.7501000000e-05
6.4757000000e-05
6.2404000000e-05
6.2269000000e-05
8.0964000000e-05
6.2904000000e-05
6.2501000000e-05
6.2753000000e-05
7.7378000000e-05
6.2814000000e-05
6.2512000000e-05
6.2505000000e-05
8.1202000000e-05
6.2501000000e-05
6.2802000000e-05
6.2093000000e-05
7.6973000000e-05
6.2347000000e-05
6.2443000000e-05
6.2576000000e-05
8.1167000000e-05
6.3204000000e-05
6.2359000000e-05
6.2289000000e-05
7.8515000000e-05
6.2615000000e-05
6.2661000000e-05
6.2332000000e-05
8.0876000000e-05
6.2331000000e-05
6.2808000000e-05
6.2025000000e-05
7.0607000000e-05
6.2533000000e-05
6.2109000000e-05
6.2464000000e-05
7.4969000000e-05
6.2470000000e-05
6.1910000000e-05
6.2210000000e-05
7.6922000000e-05
6.2220000000e-05
6.2437000000e-05
6.2571000000e-05
8.0670000000e-05
6.2640000000e-05
6.2368000000e-05
6.2365000000e-05
7.7335000000e-05
6.3595000000e-05
6.2369000000e-05
6.2603000000e-05
7.6029000000e-05
6.2866000000e-05
6.2220000000e-05
6.2054000000e-05
7.7410000000e-05
6.2718000000e-05
6.2576000000e-05
6.2277000000e-05
8.0944000000e-05
6.2982000000e-05
6.2461000000e-05
6.2224000000e-05
7.6889000000e-05
6.2980000000e-05
6.1935000000e-05
6.2189000000e-05
7.4262000000e-05
6.2596000000e-05
6.2429000000e-05
6.2238000000e-05
7.6741000000e-05
6.2497000000e-05
6.2265000000e-05
6.2471000000e-05
8.1024000000e-05
6.2456000000e-05
6.2867000000e-05
6.2517000000e-05
7.8700000000e-05
6.2599000000e-05
6.2707000000e-05
6.2980000000e-05
7.4820000000e-05
6.2771000000e-05
6.2511000000e-05
6.2275000000e-05
7.7657000000e-05
6.2536000000e-05
6.3044000000e-05
6.3541000000e-05
7.1242000000e-05
6.3775000000e-05
7.4565000000e-05
6.4493000000e-05
7.9416000000e-05
6.3769000000e-05
6.4003000000e-05
6.3111000000e-05
7.7956000000e-05
6.3376000000e-05
6.3137000000e-05
6.2990000000e-05
8.3641000000e-05
6.3475000000e-05
6.3521000000e-05
6.3804000000e-05
7.9354000000e-05
6.3837000000e-05
6.3929000000e-05
6.3851000000e-05
7.9397000000e-05
6.4483000000e-05
6.5878000000e-05
6.3888000000e-05
7.5016000000e-05
6.3498000000e-05
6.3744000000e-05
6.3148000000e-05
8.2909000000e-05
6.4086000000e-05
6.3416000000e-05
6.3660000000e-05
7.8845000000e-05
6.3870000000e-05
6.3542000000e-05
6.3179000000e-05
8.3914000000e-05
6.4171000000e-05
6.4276000000e-05
6.3806000000e-05
7.9009000000e-05
6.4029000000e-05
6.4382000000e-05
6.3677000000e-05
8.2874000000e-05
6.3781000000e-05
6.3993000000e-05
6.3117000000e-05
7.8640000000e-05
6.4031000000e-05
6.2699000000e-05
6.2633000000e-05
7.8305000000e-05
6.3527000000e-05
6.3794000000e-05
6.5694000000e-05
7.4569000000e-05
6.3126000000e-05
6.2869000000e-05
6.4652000000e-05
8.2532000000e-05
6.4129000000e-05
6.3081000000e-05
6.3761000000e-05
8.0454000000e-05
6.4414000000e-05
6.4595000000e-05
6.3431000000e-05
8.1926000000e-05
6.3761000000e-05
6.3274000000e-05
6.3564000000e-05
7.8182000000e-05
6.3741000000e-05
6.3253000000e-05
6.2478000000e-05
8.1928000000e-05
6.3075000000e-05
6.2960000000e-05
6.2888000000e-05
7.7246000000e-05
7.1283000000e-05
6.6193000000e-05
6.5679000000e-05
8.1241000000e-05
6.8553000000e-05
6.6454000000e-05
6.5336000000e-05
7.3138000000e-05
6.4679000000e-05
6.5639000000e-05
6.5251000000e-05
8.8478000000e-05
6.5618000000e-05
6.5404000000e-05
6.5234000000e-05
7.9431000000e-05
6.5093000000e-05
6.5070000000e-05
6.4392000000e-05
8.4377000000e-05
6.5517000000e-05
6.5765000000e-05
6.4582000000e-05
7.9683000000e-05
6.5150000000e-05
6.4878000000e-05
6.4550000000e-05
8.4339000000e-05
6.4667000000e-05
6.5167000000e-05
6.4886000000e-05
7.9929000000e-05
6.5566000000e-05
6.5415000000e-05
6.4726000000e-05
8.3973000000e-05
6.5525000000e-05
6.6068000000e-05
6.5453000000e-05
8.2559000000e-05
6.5780000000e-05
6.5258000000e-05
6.4929000000e-05
8.4027000000e-05
6.6052000000e-05
6.3761000000e-05
6.3324000000e-05
7.5036000000e-05
6.3886000000e-05
6.3638000000e-05
6.3689000000e-05
7.5628000000e-05
6.3920000000e-05
6.2943000000e-05
6.2894000000e-05
7.4108000000e-05
6.2620000000e-05
6.2507000000e-05
6.2302000000e-05
8.1631000000e-05
6.2808000000e-05
6.2576000000e-05
6.3001000000e-05
7.3833000000e-05
6.2693000000e-05
6.2968000000e-05
6.3111000000e-05
7.9403000000e-05
6.6372000000e-05
6.4284000000e-05
6.3618000000e-05
7.7657000000e-05
6.2847000000e-05
6.2593000000e-05
6.2888000000e-05
8.1182000000e-05
6.2997000000e-05
6.2958000000e-05
6.2736000000e-05
7.7286000000e-05
6.3329000000e-05
6.2919000000e-05
6.2338000000e-05
8.1628000000e-05
6.4441000000e-05
6.2853000000e-05
6.2558000000e-05
7.8172000000e-05
6.4056000000e-05
6.2994000000e-05
6.2482000000e-05
8.1702000000e-05
6.3418000000e-05
6.3741000000e-05
6.3446000000e-05
7.9838000000e-05
6.3513000000e-05
6.3385000000e-05
6.3480000000e-05
7.8534000000e-05
6.3456000000e-05
6.3216000000e-05
6.2908000000e-05
7.4772000000e-05
6.3569000000e-05
6.3578000000e-05
6.3581000000e-05
8.9168000000e-05
6.3359000000e-05
6.3126000000e-05
6.3117000000e-05
7.7835000000e-05
6.3837000000e-05
6.3540000000e-05
6.2462000000e-05
7.4971000000e-05
6.4208000000e-05
6.3182000000e-05
6.2767000000e-05
8.0770000000e-05
6.3861000000e-05
6.3005000000e-05
6.3404000000e-05
8.2370000000e-05
6.6396000000e-05
6.5189000000e-05
6.4847000000e-05
7.9167000000e-05
6.4988000000e-05
6.5343000000e-05
6.4503000000e-05
7.5978000000e-05
6.4320000000e-05
6.2841000000e-05
6.3366000000e-05
7.8254000000e-05
6.3515000000e-05
6.3533000000e-05
6.3773000000e-05
8.2770000000e-05
6.3925000000e-05
6.3284000000e-05
6.4111000000e-05
7.9052000000e-05
6.3958000000e-05
6.3154000000e-05
6.3228000000e-05
8.3403000000e-05
6.3730000000e-05
6.3214000000e-05
6.4091000000e-05
7.8854000000e-05
6.4249000000e-05
6.4343000000e-05
6.3097000000e-05
7.5534000000e-05
6.3462000000e-05
6.4062000000e-05
6.3171000000e-05
7.1642000000e-05
6.4488000000e-05
6.3542000000e-05
6.4118000000e-05
8.2641000000e-05
6.4009000000e-05
6.3824000000e-05
6.3527000000e-05
7.8327000000e-05
6.2836000000e-05
6.2820000000e-05
6.2747000000e-05
8.1492000000e-05
6.3097000000e-05
6.3288000000e-05
6.4222000000e-05
7.9644000000e-05
6.3560000000e-05
6.3548000000e-05
6.2611000000e-05
8.1901000000e-05
6.3587000000e-05
6.3253000000e-05
6.2663000000e-05
7.7128000000e-05
6.2900000000e-05
6.3226000000e-05
6.3128000000e-05
8.1557000000e-05
6.3284000000e-05
6.3595000000e-05
6.4231000000e-05
7.9403000000e-05
6.4703000000e-05
6.4171000000e-05
6.4742000000e-05
8.3407000000e-05
6.6628000000e-05
8.3619000000e-04
6.3690000000e-05
9.0260000000e-05
6.4654000000e-05
6.3861000000e-05
6.3468000000e-05
7.8505000000e-05
7.0322000000e-05
6.3881000000e-05
6.3304000000e-05
8.7364000000e-05
6.3999000000e-05
6.3780000000e-05
6.4024000000e-05
7.2034000000e-05
6.3714000000e-05
6.3011000000e-05
6.3261000000e-05
8.3090000000e-05
6.4092000000e-05
6.4208000000e-05
6.3646000000e-05
7.9413000000e-05
6.3966000000e-05
6.3759000000e-05
6.2699000000e-05
8.3895000000e-05
6.4560000000e-05
6.4269000000e-05
6.3160000000e-05
7.1913000000e-05
6.4415000000e-05
6.4494000000e-05
6.3961000000e-05
7.5378000000e-05
6.4495000000e-05
6.3841000000e-05
6.3884000000e-05
7.2249000000e-05
6.3513000000e-05
6.4048000000e-05
6.3632000000e-05
8.4186000000e-05
6.4468000000e-05
6.4819000000e-05
6.3866000000e-05
7.7762000000e-05
6.3982000000e-05
6.4478000000e-05
6.4105000000e-05
7.6137000000e-05
6.2878000000e-05
6.3134000000e-05
6.3905000000e-05
7.2693000000e-05
6.4047000000e-05
6.2750000000e-05
6.3999000000e-05
8.2526000000e-05
6.5617000000e-05
6.6339000000e-05
6.7464000000e-05
7.9569000000e-05
6.7702000000e-05
6.6246000000e-05
6.5009000000e-05
8.5227000000e-05
6.5597000000e-05
6.5922000000e-05
6.6089000000e-05
7.4239000000e-05
6.5867000000e-05
6.5593000000e-05
6.6255000000e-05
8.5969000000e-05
6.7853000000e-05
6.6550000000e-05
6.6248000000e-05
7.4224000000e-05
6.5565000000e-05
6.5337000000e-05
1.4054500000e-04
8.7924000000e-05
6.7417000000e-05
6.6675000000e-05
6.6023000000e-05
7.8741000000e-05
7.1421000000e-05
6.9755000000e-05
6.6974000000e-05
8.2131000000e-05
6.6913000000e-05
6.6611000000e-05
6.6654000000e-05
7.4965000000e-05
6.6352000000e-05
6.6935000000e-05
6.6694000000e-05
8.5369000000e-05
6.5604000000e-05
6.5814000000e-05
6.5437000000e-05
7.6413000000e-05
6.5085000000e-05
1.4050900000e-04
7.1294000000e-05
8.8389000000e-05
7.0018000000e-05
7.0425000000e-05
7.0063000000e-05
7.9286000000e-05
6.7474000000e-05
6.7363000000e-05
6.6544000000e-05
7.7960000000e-05
6.6108000000e-05
6.6462000000e-05
6.6937000000e-05
8.2140000000e-05
6.6455000000e-05
6.6866000000e-05
6.4999000000e-05
8.5407000000e-05
6.7204000000e-05
6.5812000000e-05
6.5630000000e-05
7.6837000000e-05
6.7773000000e-05
6.7091000000e-05
6.7194000000e-05
8.3025000000e-05
6.7233000000e-05
6.7567000000e-05
6.7684000000e-05
7.9344000000e-05
6.7534000000e-05
6.6984000000e-05
6.6968000000e-05
8.4718000000e-05
6.6980000000e-05
6.8605000000e-05
6.7411000000e-05
7.7622000000e-05
6.9132000000e-05
6.7550000000e-05
6.7319000000e-05
8.6086000000e-05
6.8202000000e-05
6.5794000000e-05
1.4273700000e-04
7.5859000000e-05
6.6833000000e-05
6.6490000000e-05
6.6304000000e-05
7.8989000000e-05
6.5056000000e-05
6.5878000000e-05
1.3933600000e-04
7.3241000000e-05
1.3943800000e-04
6.3713000000e-05
1.3777200000e-04
7.5714000000e-05
1.3824100000e-04
6.5140000000e-05
1.3788100000e-04
7.3974000000e-05
1.3767200000e-04
6.3925000000e-05
1.3839000000e-04
7.6456000000e-05
1.3781700000e-04
6.3882000000e-05
1.3750200000e-04
7.5540000000e-05
1.3862500000e-04
6.4218000000e-05
1.3932600000e-04
7.7981000000e-05
1.3892600000e-04
6.4299000000e-05
1.3934600000e-04
7.3720000000e-05
1.3954400000e-04
6.9197000000e-05
7.0445000000e-05
8.5629000000e-05
6.6164000000e-05
6.4945000000e-05
1.3885800000e-04
7.3784000000e-05
1.3996200000e-04
6.4810000000e-05
1.3903900000e-04
8.2997000000e-05
6.5691000000e-05
6.5851000000e-05
6.5806000000e-05
7.7188000000e-05
7.3724000000e-05
6.9767000000e-05
6.9737000000e-05
8.5555000000e-05
7.1097000000e-05
7.0204000000e-05
6.8843000000e-05
7.6377000000e-05
6.9011000000e-05
6.6042000000e-05
6.7506000000e-05
8.6729000000e-05
6.8007000000e-05
